test video:0 accuracy:0.45482745250096934 precision:0.2131806010116037 recall:0.8105203619909502 f1:0.3375736160188457 prediction:[  200.   300.   400.   600.   700.   800.   900.  1000.  1200.  1400.
  1900.  2000.  2200.  2300.  2400.  2500.  2600.  2800.  3000.  3400.
  3900.  4000.  4100.  4200.  4300.  4400.  4500.  4600.  4700.  4800.
  4900.  5000.  5100.  5200.  5300.  5400.  5500.  5600.  5800.  5900.
  6100.  6200.  6300.  6400.  6500.  6600.  6900.  7200.  7400.  7500.
  7700.  7800.  8300.  8400.  8500.  8600.  8700.  8900.  9000.  9200.
  9300.  9400.  9700.  9900. 10000. 10100. 10216.] 
MEAN VALUES
mean accuracy:0.11370686312524234 mean precision:0.05329515025290092 mean recall:0.20263009049773756 mean f1:0.05329515025290092 score:0.5213235294117647 pen:30 
test video:0 accuracy:0.7371074059713068 precision:0.37513227513227515 recall:0.8020361990950227 f1:0.5111751982696467 prediction:[  300.   500.   600.   700.   800.  1000.  1500.  2000.  2400.  2500.
  2600.  3000.  4000.  4100.  4200.  5100.  5200.  5300.  5600.  6400.
  6500.  6600.  6900.  7000.  7500.  7700.  8400.  8500.  8600.  8700.
  8800.  9000.  9200.  9300.  9500. 10000. 10200. 10306.] 
MEAN VALUES
mean accuracy:0.1842768514928267 mean precision:0.09378306878306879 mean recall:0.20050904977375567 mean f1:0.09378306878306879 score:0.5213235294117647 pen:30 
test video:0 accuracy:0.6022264032612105 precision:0.4976538060479666 recall:0.7578404128622469 f1:0.600786782061369 prediction:[1200. 1300. 1400. 1900. 2100. 2200. 2300. 2400. 2600. 2700. 2800. 2900.
 3000. 3100. 3200. 3300. 3400. 3500. 3600. 3700. 3800. 3900. 4000. 4100.
 4200. 4400. 4500. 4600. 4700. 4900. 5000. 5100. 5200. 5400. 5500. 5800.
 6200. 6300. 6368.] 
test video:1 accuracy:0.580335731414868 precision:0.534242330337775 recall:0.8746829020801623 f1:0.6633320507887649 prediction:[ 200.  500.  600.  800.  900. 1000. 1200. 1300. 1400. 1500. 1600. 1700.
 1800. 1900. 2100. 2200. 2300. 2400. 2600. 2700. 2800. 2900. 3000. 3100.
 3200. 3300. 3500. 3600. 3700. 3900. 4000. 4100. 4160.] 
test video:2 accuracy:0.6659929257200606 precision:0.661350042722871 recall:0.9458248472505092 f1:0.7784109956419711 prediction:[ 200.  300.  500.  600.  700.  800.  900. 1000. 1100. 1200. 1300. 1400.
 1500. 1600. 1800. 1900. 2000. 2100. 2200. 2300. 2400. 2500. 2600. 2700.
 2800. 2900. 3000. 3100. 3200. 3300. 3400. 3500. 3600. 3700. 3900. 3948.] 
test video:3 accuracy:0.5067096081588836 precision:0.4810822701275847 recall:0.8460348162475823 f1:0.6133782078249895 prediction:[ 300.  400.  700.  900. 1000. 1100. 1200. 1400. 1500. 1700. 1800. 1900.
 2000. 2100. 2200. 2300. 2400. 2500. 2700. 2800. 2900. 3000. 3200. 3300.
 3400. 3500. 3600. 3700. 3800. 3900. 4000. 4100. 4200. 4400. 4500. 4600.
 4700. 4800. 4900. 5000. 5100. 5200. 5300. 5400. 5500. 5579.] 
test video:4 accuracy:0.5827074908530715 precision:0.5612348178137652 recall:0.8366654092795172 f1:0.6718158412842647 prediction:[ 200.  300.  600.  700.  800.  900. 1000. 1100. 1200. 1300. 1400. 1500.
 1600. 1700. 1900. 2100. 2200. 2400. 2500. 2600. 2700. 2800. 2900. 3000.
 3100. 3300. 3400. 3500. 3600. 3800. 3900. 4000. 4200. 4500. 4600. 4700.
 4900. 5000. 5100. 5183.] 
test video:5 accuracy:0.5866340002722199 precision:0.600585601102308 recall:0.8292508917954816 f1:0.6966337029267805 prediction:[ 100.  200.  400. 1100. 1200. 1300. 1400. 1600. 1700. 1800. 1900. 2000.
 2100. 2200. 2300. 2400. 2500. 2700. 2800. 2900. 3000. 3100. 3200. 3300.
 3400. 3500. 3600. 3700. 3800. 3900. 4200. 4300. 4400. 4500. 4700. 4800.
 4900. 5000. 5200. 5300. 5400. 5500. 5600. 5700. 5800. 5900. 6000. 6100.
 6200. 6300. 6500. 6600. 6700. 6900. 7000. 7100. 7200. 7300. 7337.] 
test video:6 accuracy:0.5052739026879891 precision:0.5314136125654451 recall:0.7622027534418022 f1:0.6262210796915167 prediction:[ 200.  300.  400.  500.  700.  900. 1000. 1100. 1200. 1300. 1400. 1500.
 1900. 2000. 2100. 2200. 2300. 2400. 2500. 2600. 2700. 2800. 2900. 2929.] 
test video:7 accuracy:0.6066411238825032 precision:0.6362573099415205 recall:0.8451579492490937 f1:0.7259786476868327 prediction:[ 200.  400.  600.  800.  900. 1000. 1100. 1200. 1300. 1400. 1500. 1600.
 1700. 1800. 1900. 2000. 2100. 2200. 2300. 2400. 2600. 2700. 2800. 2900.
 3000. 3122.] 
test video:8 accuracy:0.3229112610275039 precision:0.1824023727137914 recall:0.8115835777126099 f1:0.2978608906228979 prediction:[ 200.  300.  400.  600.  700.  800. 1000. 1100. 1200. 1300. 1700. 1800.
 1900. 2000. 2100. 2200. 2300. 2400. 2500. 2600. 2800. 3000. 3100. 3300.
 3400. 3500. 3600. 3800. 3900. 4000. 4100. 4200. 4300. 4400. 4500. 4600.
 4700. 4800. 4900. 5000. 5100. 5300. 5400. 5500. 5600. 5700. 5800. 5900.
 6000. 6100. 6400. 6500. 6600. 6700. 6800. 6900. 7200. 7300. 7400. 7600.
 7698.] 
test video:9 accuracy:0.39323536655447006 precision:0.09474729914317645 recall:0.8831018518518519 f1:0.1711337893910508 prediction:[  200.   600.   900.  1000.  1200.  1300.  1400.  1900.  2000.  2100.
  2300.  2600.  2800.  2900.  3000.  3200.  3300.  3400.  3500.  3800.
  3900.  4000.  4100.  4200.  4300.  4400.  4500.  4600.  4700.  4800.
  4900.  5000.  5100.  5200.  5300.  5500.  5600.  5700.  5900.  6000.
  6100.  6200.  6300.  6400.  6600.  6700.  6800.  6900.  7400.  7500.
  7700.  7800.  7900.  8100.  8200.  8300.  8400.  8500.  8600.  8700.
  8800.  9000.  9100.  9500.  9600.  9700.  9800. 10000. 10400. 10700.
 10800. 10900. 11000. 11100. 11300. 11400. 11500. 11600. 12000. 12100.
 12171.] 
test video:10 accuracy:0.6763245033112583 precision:0.8115246098439376 recall:0.7428571428571429 f1:0.7756741250717154 prediction:[ 200.  400.  500.  600.  700.  800.  900. 1200. 1300. 1500. 1700. 1800.
 1900. 2100. 2200. 2300. 2406.] 
test video:11 accuracy:0.3942232630757221 precision:0.27863458770306393 recall:0.7845975680370585 f1:0.41122913505311076 prediction:[ 200.  300.  500. 1200. 1300. 1400. 1500. 1700. 1800. 1900. 2000. 2200.
 2300. 2400. 2500. 2600. 2700. 2800. 2900. 3000. 3100. 3200. 3300. 3500.
 3600. 3700. 3800. 4000. 4100. 4300. 4400. 4500. 4600. 4700. 4800. 5100.
 5200. 5300. 5400. 5500. 5600. 5700. 5800. 5900. 6000. 6100. 6200. 6300.
 6395.] 
test video:12 accuracy:0.3867911941294196 precision:0.2979933110367893 recall:0.8174311926605504 f1:0.43676470588235294 prediction:[  200.   400.   600.   700.   800.  1100.  1300.  1400.  1500.  1600.
  1700.  1800.  1900.  2000.  2100.  2200.  2300.  2400.  2500.  3500.
  3600.  3700.  3800.  3900.  4000.  4100.  4300.  4400.  4500.  4600.
  4700.  4800.  4900.  5000.  5100.  5300.  5400.  5600.  5800.  5900.
  6000.  6200.  6300.  6400.  6600.  6700.  6800.  6900.  7000.  7100.
  7300.  7400.  7500.  7700.  7800.  7900.  8000.  8100.  8200.  8300.
  8400.  8600.  8700.  8800.  8900.  9000.  9200.  9300.  9400.  9500.
  9600.  9700.  9800.  9900. 10100. 10300. 10400. 10500. 10600. 10800.
 10900. 11000. 11100. 11200. 11300. 11400. 11500. 11700. 11800. 11900.
 12000. 12100. 12200. 12300. 12400. 12500. 12600. 12700. 12800. 12900.
 13000. 13100. 13200. 13300. 13400. 13500. 13600. 13700. 13800. 13900.
 14000. 14200. 14300. 14400. 14500. 14600. 14700. 14800. 14900. 14980.] 
test video:13 accuracy:0.3844083341640913 precision:0.33535528596187175 recall:0.770697012802276 f1:0.46735098766497024 prediction:[  100.   200.   300.   400.   500.   600.   700.   800.  1000.  1100.
  1300.  1400.  1600.  1800.  1900.  2000.  2200.  2300.  2400.  2500.
  2600.  2700.  2800.  3100.  3200.  3300.  3400.  3500.  3700.  3800.
  3900.  4100.  4200.  4300.  4500.  4600.  4700.  4800.  4900.  5100.
  5400.  5500.  5600.  5700.  5900.  6100.  6200.  6300.  6400.  6500.
  6600.  6700.  6800.  6900.  7000.  7100.  7200.  7300.  7400.  7500.
  7600.  7800.  7900.  8000.  8200.  8300.  8400.  8600.  8700.  8800.
  8900.  9000.  9200.  9300.  9400.  9500.  9600.  9700.  9800.  9900.
 10021.] 
MEAN VALUES
mean accuracy:0.010754042915378759 mean precision:0.008886675107999403 mean recall:0.013532864515397267 mean f1:0.008886675107999403 score:0.5213235294117647 pen:30 
