0.000	0.000	0.000	0.000
0.002	0.000	0.000	0.000
0.008	0.000	0.000	0.000
0.015	0.000	0.000	0.000
0.019	0.001	0.000	0.000
0.021	0.004	0.000	0.000
0.021	0.009	0.000	0.000
0.021	0.015	0.000	0.000
0.020	0.019	0.000	0.000
0.018	0.019	0.000	0.000
0.014	0.017	0.000	0.000
0.010	0.017	0.000	0.000
0.010	0.020	0.000	0.000
0.012	0.022	0.000	0.000
0.013	0.020	0.000	0.000
0.010	0.016	0.000	0.000
0.007	0.012	0.000	0.000
0.006	0.009	0.000	0.000
0.008	0.009	0.000	0.000
0.010	0.009	0.000	0.000
0.013	0.009	0.000	0.000
0.017	0.008	0.000	0.000
0.025	0.007	0.000	0.000
0.038	0.007	0.000	0.000
0.051	0.006	0.000	0.000
0.062	0.004	0.000	0.000
0.072	0.001	0.000	0.000
0.086	-0.000	0.000	0.000
0.104	0.001	0.000	0.000
0.121	0.003	0.000	0.000
0.131	0.005	0.000	0.000
0.137	0.006	0.000	0.000
0.141	0.006	0.000	0.000
0.134	0.006	0.000	0.000
0.114	0.006	0.000	0.000
0.087	0.005	0.000	0.000
0.071	0.004	0.000	0.000
0.071	0.002	0.000	0.000
0.076	0.001	0.000	0.000
0.072	0.001	0.000	0.000
0.062	0.001	0.000	0.000
0.051	0.000	0.000	0.000
0.046	0.001	0.000	0.000
0.045	0.003	0.000	0.000
0.040	0.005	0.000	0.000
0.033	0.007	0.000	0.000
0.025	0.007	0.000	0.000
0.021	0.006	0.000	0.000
0.019	0.005	0.000	0.000
0.016	0.005	0.000	0.000
0.011	0.006	0.000	0.000
0.009	0.006	0.000	0.000
0.010	0.005	0.000	0.000
0.011	0.003	0.000	0.000
0.011	0.002	0.000	0.000
0.010	0.001	0.000	0.000
0.009	0.002	0.000	0.000
0.009	0.002	0.000	0.000
0.010	0.002	0.000	0.000
0.010	0.001	0.000	0.000
0.009	0.001	0.000	0.000
0.010	0.001	0.000	0.000
0.011	0.001	0.000	0.000
0.015	0.001	0.000	0.000
0.018	0.001	0.000	0.000
0.020	0.001	0.000	0.000
0.023	0.001	0.000	0.000
0.028	0.001	0.000	0.000
0.034	0.001	0.000	0.000
0.039	0.001	0.000	0.000
0.041	0.001	0.000	0.000
0.039	0.003	0.000	0.000
0.034	0.004	0.000	0.000
0.029	0.006	0.000	0.000
0.026	0.007	0.000	0.000
0.023	0.008	0.000	0.000
0.021	0.007	0.000	0.000
0.021	0.006	0.000	0.000
0.021	0.004	0.000	0.000
0.020	0.003	0.000	0.000
0.029	0.002	0.000	0.000
0.039	0.002	0.000	0.000
0.059	0.003	0.000	0.000
0.080	0.003	0.000	0.000
0.173	0.003	0.000	0.000
0.352	0.003	0.000	0.000
0.483	0.003	0.000	0.000
0.503	0.003	0.000	0.000
0.482	0.007	0.000	0.000
0.597	0.015	0.000	0.000
0.988	0.026	0.000	0.000
1.638	0.035	0.000	0.000
2.436	0.042	0.000	0.000
3.308	0.044	0.000	0.000
4.297	0.040	0.000	0.000
5.334	0.028	0.000	0.000
6.402	0.014	0.000	0.000
7.395	0.008	0.000	0.000
8.179	0.017	0.000	0.000
8.604	0.033	0.000	0.000
8.716	0.039	0.106	0.000
8.464	0.030	0.325	0.000
7.837	0.018	0.555	0.000
6.957	0.016	0.672	0.000
6.011	0.023	0.649	0.000
5.141	0.027	0.571	0.000
4.371	0.021	0.542	0.000
4.302	0.010	0.580	0.000
4.318	0.004	0.624	0.000
3.835	0.006	0.622	0.000
2.793	0.011	0.587	0.000
1.844	0.013	0.567	0.000
1.408	0.012	0.579	0.000
1.425	0.009	0.594	0.000
1.422	0.008	0.584	0.000
1.102	0.009	0.555	0.000
0.656	0.010	0.534	0.000
0.444	0.011	0.533	0.000
0.521	0.012	0.536	0.000
0.621	0.013	0.528	0.000
0.525	0.013	0.508	0.000
0.314	0.014	0.489	0.000
0.199	0.015	0.479	0.000
0.239	0.017	0.470	0.000
0.300	0.017	0.454	0.000
0.258	0.015	0.431	0.000
0.149	0.012	0.408	0.000
0.087	0.012	0.390	0.000
0.112	0.017	0.372	0.000
0.154	0.023	0.349	0.000
0.140	0.025	0.321	0.000
0.081	0.023	0.292	0.000
0.042	0.020	0.268	0.000
0.053	0.019	0.247	0.000
0.079	0.023	0.226	0.000
0.076	0.027	0.204	0.000
0.047	0.028	0.184	0.000
0.026	0.025	0.167	0.000
0.035	0.021	0.153	0.000
0.056	0.020	0.140	0.000
0.060	0.023	0.126	0.000
0.044	0.027	0.113	0.000
0.027	0.030	0.101	0.000
0.023	0.031	0.095	0.000
0.027	0.032	0.094	0.000
0.025	0.033	0.098	0.000
0.014	0.034	0.105	0.000
0.005	0.036	0.113	0.000
0.005	0.038	0.121	0.000
0.012	0.039	0.130	0.000
0.017	0.040	0.138	0.000
0.016	0.039	0.146	0.000
0.014	0.037	0.155	0.000
0.015	0.032	0.166	0.000
0.019	0.025	0.178	0.000
0.020	0.017	0.191	0.000
0.017	0.011	0.203	0.000
0.011	0.008	0.216	0.000
0.009	0.007	0.229	0.000
0.011	0.007	0.242	0.000
0.012	0.007	0.257	0.000
0.011	0.009	0.272	0.000
0.009	0.012	0.287	0.000
0.007	0.014	0.302	0.000
0.006	0.013	0.319	0.000
0.006	0.009	0.338	0.000
0.005	0.005	0.360	0.000
0.004	0.003	0.385	0.000
0.004	0.004	0.412	0.000
0.004	0.005	0.442	0.000
0.005	0.006	0.472	0.000
0.005	0.006	0.503	0.000
0.004	0.008	0.533	0.000
0.005	0.013	0.560	0.000
0.005	0.021	0.586	0.000
0.006	0.028	0.611	0.000
0.007	0.032	0.635	0.000
0.007	0.032	0.660	0.000
0.008	0.031	0.683	0.000
0.010	0.032	0.705	0.000
0.013	0.034	0.725	0.000
0.013	0.037	0.744	0.000
0.011	0.039	0.763	0.000
0.010	0.039	0.781	0.000
0.011	0.039	0.798	0.000
0.013	0.038	0.813	0.000
0.017	0.037	0.827	0.000
0.020	0.034	0.839	0.000
0.024	0.030	0.849	0.000
0.030	0.028	0.857	0.000
0.038	0.026	0.863	0.000
0.048	0.024	0.865	0.000
0.059	0.021	0.864	0.000
0.067	0.018	0.862	0.000
0.069	0.015	0.859	0.000
0.070	0.015	0.857	0.000
0.072	0.017	0.855	0.000
0.077	0.022	0.853	0.000
0.086	0.031	0.851	0.000
0.092	0.049	0.850	0.000
0.096	0.079	0.850	0.000
0.101	0.123	0.852	0.000
0.112	0.180	0.854	0.000
0.127	0.242	0.855	0.001
0.140	0.297	0.854	0.001
0.153	0.342	0.852	0.001
0.166	0.377	0.848	0.001
0.181	0.411	0.841	0.001
0.196	0.449	0.833	0.001
0.209	0.489	0.823	0.001
0.218	0.525	0.813	0.001
0.227	0.558	0.803	0.001
0.232	0.594	0.794	0.001
0.229	0.638	0.785	0.001
0.218	0.688	0.777	0.001
0.205	0.735	0.770	0.001
0.195	0.768	0.764	0.001
0.192	0.781	0.761	0.001
0.193	0.780	0.759	0.001
0.194	0.775	0.758	0.001
0.196	0.777	0.760	0.001
0.201	0.785	0.764	0.001
0.209	0.792	0.770	0.001
0.217	0.792	0.777	0.001
0.224	0.785	0.784	0.001
0.227	0.781	0.791	0.001
0.230	0.789	0.797	0.001
0.235	0.811	0.804	0.001
0.247	0.836	0.811	0.001
0.262	0.848	0.818	0.001
0.274	0.833	0.825	0.001
0.282	0.793	0.831	0.001
0.291	0.738	0.836	0.001
0.300	0.681	0.841	0.001
0.312	0.623	0.846	0.001
0.322	0.561	0.851	0.001
0.327	0.499	0.854	0.001
0.324	0.447	0.858	0.001
0.315	0.415	0.861	0.001
0.307	0.402	0.864	0.001
0.302	0.401	0.867	0.001
0.300	0.405	0.872	0.001
0.293	0.413	0.877	0.001
0.280	0.429	0.882	0.001
0.267	0.449	0.886	0.001
0.261	0.474	0.889	0.001
0.263	0.511	0.891	0.001
0.268	0.562	0.893	0.001
0.270	0.622	0.895	0.001
0.267	0.670	0.897	0.001
0.261	0.690	0.898	0.001
0.256	0.685	0.900	0.001
0.254	0.672	0.903	0.001
0.256	0.659	0.906	0.001
0.260	0.644	0.909	0.001
0.267	0.624	0.911	0.001
0.275	0.605	0.913	0.001
0.282	0.594	0.915	0.001
0.285	0.585	0.917	0.001
0.286	0.561	0.919	0.001
0.286	0.520	0.921	0.001
0.286	0.475	0.924	0.001
0.282	0.448	0.927	0.001
0.277	0.443	0.930	0.001
0.280	0.450	0.932	0.001
0.288	0.455	0.934	0.001
0.295	0.454	0.935	0.001
0.297	0.452	0.936	0.001
0.294	0.448	0.937	0.001
0.292	0.439	0.937	0.001
0.292	0.415	0.938	0.001
0.290	0.376	0.938	0.001
0.284	0.332	0.939	0.001
0.272	0.295	0.939	0.001
0.258	0.273	0.940	0.001
0.252	0.267	0.941	0.001
0.257	0.270	0.942	0.001
0.268	0.267	0.943	0.001
0.285	0.252	0.944	0.001
0.298	0.231	0.944	0.001
0.306	0.220	0.945	0.001
0.310	0.227	0.946	0.001
0.316	0.246	0.946	0.001
0.316	0.262	0.947	0.001
0.311	0.268	0.948	0.001
0.307	0.267	0.948	0.001
0.308	0.266	0.949	0.001
0.309	0.266	0.950	0.001
0.305	0.263	0.951	0.001
0.298	0.253	0.952	0.001
0.291	0.241	0.953	0.001
0.294	0.235	0.954	0.001
0.304	0.240	0.955	0.001
0.311	0.255	0.956	0.001
0.308	0.277	0.957	0.001
0.299	0.305	0.957	0.001
0.292	0.342	0.958	0.001
0.293	0.391	0.959	0.001
0.292	0.444	0.960	0.001
0.284	0.495	0.962	0.001
0.269	0.549	0.964	0.001
0.251	0.604	0.965	0.001
0.234	0.649	0.967	0.001
0.220	0.666	0.969	0.001
0.207	0.656	0.970	0.001
0.196	0.646	0.971	0.001
0.190	0.655	0.972	0.001
0.186	0.680	0.972	0.001
0.182	0.697	0.972	0.001
0.177	0.690	0.972	0.001
0.171	0.664	0.973	0.001
0.164	0.637	0.973	0.001
0.156	0.618	0.973	0.001
0.151	0.601	0.973	0.001
0.153	0.580	0.972	0.001
0.155	0.555	0.972	0.001
0.151	0.531	0.972	0.001
0.142	0.510	0.972	0.001
0.136	0.488	0.972	0.001
0.132	0.466	0.972	0.001
0.132	0.449	0.972	0.001
0.132	0.446	0.972	0.001
0.135	0.453	0.972	0.001
0.132	0.457	0.972	0.001
0.123	0.449	0.972	0.001
0.123	0.433	0.972	0.001
0.129	0.414	0.972	0.001
0.142	0.396	0.972	0.001
0.166	0.380	0.971	0.001
0.188	0.370	0.971	0.001
0.195	0.371	0.971	0.001
0.187	0.381	0.971	0.001
0.177	0.392	0.971	0.001
0.172	0.398	0.971	0.001
0.174	0.406	0.970	0.001
0.175	0.417	0.970	0.001
0.170	0.422	0.970	0.001
0.159	0.410	0.970	0.001
0.144	0.381	0.970	0.001
0.130	0.351	0.970	0.001
0.118	0.334	0.970	0.001
0.108	0.328	0.970	0.001
0.106	0.317	0.970	0.001
0.110	0.298	0.970	0.001
0.113	0.285	0.970	0.001
0.112	0.289	0.970	0.001
0.107	0.308	0.970	0.001
0.104	0.324	0.970	0.001
0.104	0.323	0.970	0.001
0.107	0.311	0.970	0.001
0.108	0.303	0.970	0.001
0.106	0.308	0.970	0.001
0.105	0.315	0.970	0.001
0.105	0.311	0.970	0.001
0.105	0.289	0.970	0.001
0.105	0.257	0.970	0.001
0.111	0.224	0.970	0.001
0.120	0.195	0.970	0.001
0.130	0.171	0.970	0.001
0.136	0.155	0.970	0.001
0.136	0.145	0.969	0.001
0.131	0.142	0.969	0.001
0.125	0.142	0.969	0.001
0.121	0.147	0.969	0.001
0.118	0.165	0.970	0.001
0.115	0.195	0.970	0.001
0.114	0.233	0.970	0.001
0.114	0.269	0.971	0.001
0.114	0.294	0.972	0.001
0.114	0.314	0.973	0.001
0.114	0.332	0.973	0.001
0.114	0.343	0.974	0.001
0.114	0.340	0.975	0.001
0.111	0.314	0.975	0.001
0.107	0.272	0.975	0.001
0.107	0.229	0.976	0.001
0.108	0.198	0.976	0.001
0.111	0.178	0.975	0.001
0.106	0.159	0.975	0.001
0.094	0.133	0.975	0.001
0.080	0.104	0.975	0.001
0.074	0.085	0.975	0.001
0.079	0.083	0.975	0.001
0.086	0.091	0.975	0.001
0.089	0.095	0.975	0.000
0.087	0.089	0.975	0.000
0.086	0.080	0.975	0.000
0.087	0.077	0.975	0.000
0.093	0.080	0.975	0.000
0.101	0.085	0.975	0.000
0.105	0.088	0.975	0.000
0.104	0.094	0.975	0.000
0.103	0.105	0.975	0.000
0.104	0.117	0.976	0.000
0.106	0.117	0.976	0.000
0.105	0.101	0.977	0.000
0.098	0.076	0.977	0.000
0.086	0.057	0.977	0.000
0.075	0.053	0.978	0.000
0.068	0.061	0.978	0.000
0.062	0.072	0.978	0.000
0.055	0.078	0.978	0.000
0.051	0.083	0.978	0.000
0.049	0.091	0.978	0.000
0.050	0.102	0.977	0.000
0.052	0.106	0.977	0.000
0.053	0.097	0.977	0.000
0.056	0.084	0.977	0.000
0.061	0.078	0.977	0.000
0.066	0.084	0.977	0.000
0.068	0.092	0.977	0.000
0.065	0.093	0.976	0.000
0.064	0.086	0.976	0.000
0.065	0.082	0.976	0.000
0.069	0.086	0.975	0.000
0.077	0.091	0.975	0.000
0.089	0.086	0.975	0.000
0.101	0.071	0.975	0.000
0.109	0.057	0.975	0.000
0.111	0.056	0.974	0.000
0.112	0.068	0.974	0.000
0.114	0.088	0.973	0.000
0.121	0.107	0.973	0.000
0.129	0.123	0.974	0.000
0.143	0.138	0.974	0.001
0.161	0.155	0.974	0.001
0.181	0.175	0.974	0.001
0.198	0.195	0.974	0.001
0.216	0.206	0.974	0.001
0.231	0.208	0.974	0.001
0.249	0.205	0.973	0.001
0.262	0.205	0.973	0.001
0.268	0.211	0.972	0.001
0.267	0.217	0.971	0.001
0.265	0.215	0.970	0.001
0.261	0.207	0.969	0.001
0.256	0.202	0.967	0.001
0.242	0.208	0.965	0.001
0.221	0.227	0.963	0.001
0.197	0.250	0.961	0.001
0.170	0.267	0.959	0.001
0.146	0.270	0.957	0.001
0.127	0.257	0.955	0.001
0.117	0.226	0.953	0.001
0.125	0.184	0.952	0.001
0.141	0.141	0.952	0.001
0.154	0.109	0.952	0.001
0.164	0.093	0.951	0.001
0.177	0.095	0.951	0.001
0.199	0.113	0.950	0.001
0.209	0.140	0.949	0.001
0.202	0.169	0.948	0.001
0.181	0.194	0.946	0.001
0.156	0.211	0.945	0.001
0.138	0.222	0.943	0.001
0.129	0.231	0.942	0.001
0.123	0.241	0.939	0.001
0.114	0.255	0.936	0.001
0.104	0.269	0.933	0.001
0.095	0.274	0.930	0.001
0.088	0.266	0.926	0.001
0.086	0.259	0.922	0.001
0.094	0.268	0.915	0.001
0.102	0.296	0.907	0.001
0.101	0.320	0.897	0.001
0.092	0.319	0.886	0.001
0.082	0.299	0.874	0.001
0.080	0.285	0.862	0.001
0.084	0.289	0.850	0.001
0.087	0.298	0.841	0.001
0.088	0.291	0.833	0.001
0.092	0.271	0.826	0.001
0.104	0.254	0.819	0.001
0.116	0.254	0.813	0.001
0.119	0.256	0.807	0.001
0.108	0.238	0.801	0.001
0.099	0.195	0.796	0.001
0.097	0.149	0.790	0.001
0.093	0.118	0.785	0.001
0.081	0.103	0.780	0.001
0.066	0.089	0.775	0.001
0.060	0.070	0.772	0.001
0.072	0.052	0.771	0.000
0.098	0.053	0.770	0.000
0.131	0.074	0.771	0.000
0.161	0.104	0.772	0.000
0.185	0.130	0.773	0.000
0.204	0.148	0.774	0.000
0.219	0.164	0.775	0.001
0.223	0.183	0.776	0.001
0.215	0.197	0.778	0.001
0.200	0.198	0.779	0.001
0.181	0.188	0.780	0.001
0.168	0.176	0.780	0.001
0.169	0.166	0.780	0.001
0.178	0.160	0.780	0.001
0.185	0.160	0.779	0.001
0.176	0.168	0.779	0.001
0.152	0.187	0.778	0.001
0.126	0.208	0.778	0.001
0.114	0.225	0.778	0.001
0.116	0.230	0.779	0.001
0.120	0.222	0.779	0.001
0.115	0.202	0.780	0.001
0.101	0.180	0.781	0.001
0.087	0.168	0.783	0.001
0.080	0.169	0.784	0.001
0.078	0.178	0.786	0.001
0.077	0.184	0.789	0.001
0.072	0.179	0.792	0.001
0.066	0.162	0.794	0.001
0.060	0.142	0.797	0.001
0.056	0.125	0.799	0.001
0.054	0.113	0.802	0.001
0.053	0.101	0.803	0.001
0.055	0.088	0.805	0.001
0.058	0.075	0.806	0.000
0.059	0.066	0.808	0.000
0.058	0.063	0.810	0.000
0.058	0.065	0.813	0.000
0.066	0.068	0.815	0.000
0.081	0.071	0.816	0.000
0.096	0.074	0.817	0.000
0.102	0.076	0.818	0.000
0.100	0.079	0.820	0.000
0.099	0.083	0.821	0.000
0.105	0.090	0.823	0.000
0.119	0.101	0.825	0.000
0.136	0.116	0.828	0.000
0.148	0.132	0.830	0.001
0.157	0.148	0.831	0.001
0.166	0.164	0.832	0.001
0.182	0.183	0.833	0.001
0.201	0.211	0.834	0.001
0.223	0.252	0.835	0.001
0.244	0.305	0.835	0.001
0.260	0.358	0.836	0.001
0.269	0.394	0.837	0.001
0.267	0.403	0.837	0.001
0.256	0.390	0.838	0.001
0.241	0.372	0.839	0.001
0.247	0.365	0.840	0.001
0.267	0.375	0.841	0.001
0.286	0.404	0.842	0.001
0.301	0.448	0.843	0.001
0.321	0.497	0.844	0.001
0.357	0.534	0.846	0.001
0.400	0.548	0.848	0.001
0.427	0.540	0.852	0.001
0.435	0.527	0.856	0.001
0.443	0.521	0.859	0.001
0.466	0.526	0.861	0.001
0.493	0.534	0.863	0.001
0.502	0.542	0.865	0.001
0.485	0.553	0.866	0.001
0.463	0.569	0.867	0.001
0.456	0.573	0.867	0.001
0.459	0.537	0.868	0.001
0.458	0.473	0.870	0.001
0.446	0.418	0.872	0.001
0.401	0.396	0.874	0.001
0.328	0.396	0.876	0.001
0.252	0.379	0.879	0.001
0.203	0.332	0.882	0.001
0.193	0.284	0.887	0.001
0.224	0.269	0.894	0.001
0.282	0.291	0.900	0.001
0.359	0.325	0.908	0.001
0.450	0.346	0.914	0.001
0.554	0.352	0.918	0.001
0.637	0.356	0.922	0.001
0.679	0.359	0.925	0.001
0.692	0.344	0.927	0.001
0.729	0.307	0.928	0.001
0.774	0.263	0.929	0.001
0.783	0.238	0.929	0.001
0.735	0.243	0.929	0.001
0.648	0.274	0.929	0.001
0.587	0.318	0.929	0.001
0.589	0.368	0.930	0.001
0.645	0.421	0.931	0.001
0.709	0.463	0.932	0.001
0.745	0.477	0.933	0.001
0.755	0.446	0.934	0.001
0.742	0.373	0.934	0.001
0.703	0.281	0.935	0.001
0.640	0.205	0.936	0.001
0.573	0.166	0.938	0.001
0.522	0.163	0.939	0.001
0.500	0.179	0.939	0.001
0.500	0.199	0.938	0.001
0.504	0.221	0.937	0.001
0.503	0.254	0.936	0.001
0.503	0.312	0.935	0.001
0.520	0.406	0.934	0.001
0.578	0.536	0.933	0.001
0.684	0.686	0.931	0.001
0.837	0.832	0.928	0.001
1.025	0.957	0.925	0.001
1.208	1.075	0.919	0.001
1.358	1.210	0.914	0.002
1.471	1.387	0.908	0.002
1.555	1.610	0.903	0.002
1.629	1.878	0.898	0.002
1.690	2.188	0.894	0.002
1.717	2.532	0.891	0.002
1.708	2.904	0.887	0.002
1.702	3.282	0.885	0.002
1.744	3.621	0.882	0.003
1.825	3.857	0.880	0.003
1.866	3.957	0.879	0.003
1.822	3.948	0.877	0.003
1.748	3.917	0.875	0.003
1.772	3.923	0.873	0.003
1.965	3.955	0.870	0.003
2.283	3.966	0.867	0.003
2.631	3.961	0.864	0.003
2.932	3.966	0.862	0.003
3.170	4.011	0.862	0.003
3.349	4.069	0.863	0.003
3.465	4.123	0.864	0.003
3.504	4.223	0.865	0.003
3.600	4.468	0.866	0.003
3.905	4.888	0.868	0.003
4.516	5.422	0.870	0.003
5.285	5.972	0.871	0.004
6.023	6.542	0.873	0.004
6.660	7.232	0.875	0.004
7.389	8.162	0.876	0.004
8.542	9.314	0.878	0.004
10.460	10.569	0.880	0.005
13.200	11.788	0.882	0.005
16.738	12.899	0.884	0.005
21.323	13.783	0.886	0.005
27.405	14.411	0.888	0.005
35.118	15.033	0.891	0.006
44.123	16.378	0.893	0.006
54.283	19.213	0.895	0.006
64.665	22.614	0.897	0.007
74.399	25.633	0.898	0.007
84.221	29.604	0.899	0.008
94.360	37.851	0.898	0.008
104.196	51.711	0.898	0.009
112.838	66.451	0.898	0.010
119.463	74.565	0.899	0.011
123.330	75.241	0.900	0.012
124.324	74.707	0.900	0.012
122.686	79.846	0.900	0.013
118.789	92.056	0.900	0.014
114.063	107.860	0.901	0.015
111.641	124.190	0.902	0.016
112.641	142.224	0.904	0.017
115.942	165.751	0.906	0.018
119.075	196.740	0.909	0.019
122.601	233.475	0.911	0.020
130.144	270.004	0.913	0.022
143.452	295.922	0.914	0.023
158.811	299.971	0.914	0.024
169.772	276.035	0.915	0.024
173.912	231.464	0.915	0.024
176.664	185.211	0.916	0.024
184.574	153.801	0.916	0.023
197.840	139.063	0.915	0.022
210.366	130.546	0.915	0.020
213.574	118.424	0.914	0.019
203.255	103.975	0.913	0.018
180.771	96.584	0.911	0.018
150.652	102.086	0.907	0.017
120.017	118.809	0.903	0.017
95.871	141.831	0.898	0.018
83.329	169.131	0.892	0.018
83.109	199.895	0.887	0.019
89.097	229.664	0.882	0.020
93.256	252.001	0.878	0.021
91.619	263.834	0.874	0.023
86.026	267.057	0.871	0.023
79.746	265.032	0.867	0.024
74.153	256.029	0.863	0.024
68.966	235.072	0.860	0.024
64.448	201.719	0.857	0.023
61.485	162.366	0.854	0.022
60.668	127.264	0.852	0.021
61.355	102.458	0.850	0.020
61.455	86.893	0.847	0.018
60.399	76.433	0.845	0.017
58.954	68.906	0.842	0.016
58.107	64.331	0.840	0.015
57.353	62.041	0.838	0.014
54.721	59.635	0.835	0.013
48.993	55.393	0.833	0.012
40.813	50.751	0.830	0.012
31.993	48.527	0.828	0.012
24.429	49.511	0.826	0.011
19.428	51.502	0.823	0.011
16.873	51.790	0.820	0.011
15.949	49.848	0.818	0.011
15.915	47.286	0.815	0.011
16.474	45.498	0.813	0.011
16.858	44.136	0.811	0.011
16.358	42.028	0.809	0.010
14.885	38.954	0.807	0.010
12.927	35.983	0.805	0.010
11.485	34.088	0.802	0.010
10.749	32.912	0.799	0.009
10.175	31.263	0.797	0.009
9.184	28.542	0.794	0.009
7.768	25.347	0.792	0.009
6.448	22.612	0.789	0.008
5.558	20.485	0.787	0.008
4.992	18.292	0.784	0.007
4.483	15.485	0.781	0.007
4.128	12.356	0.778	0.007
4.235	9.734	0.774	0.006
4.930	8.120	0.769	0.006
6.283	7.275	0.764	0.005
7.932	6.594	0.758	0.005
9.377	5.769	0.750	0.004
10.296	4.986	0.741	0.004
10.842	4.590	0.731	0.004
11.345	4.680	0.721	0.004
12.126	5.182	0.710	0.004
13.239	6.087	0.700	0.004
14.398	7.467	0.689	0.004
15.159	9.287	0.678	0.004
15.702	11.343	0.667	0.004
16.433	13.516	0.656	0.005
17.312	16.046	0.643	0.005
18.111	19.321	0.629	0.006
18.479	23.442	0.615	0.006
18.575	28.080	0.601	0.007
18.690	32.808	0.586	0.008
19.018	37.474	0.571	0.008
19.252	42.164	0.556	0.009
18.994	46.791	0.541	0.009
18.497	51.040	0.525	0.010
18.020	54.604	0.510	0.010
17.838	57.216	0.495	0.011
17.953	58.418	0.481	0.011
18.512	57.499	0.466	0.011
19.953	54.972	0.452	0.011
22.500	52.544	0.439	0.011
26.147	51.387	0.426	0.011
30.161	50.603	0.413	0.011
33.387	48.046	0.400	0.011
35.367	42.930	0.387	0.011
36.673	37.265	0.375	0.010
37.775	33.700	0.362	0.010
38.775	32.930	0.350	0.010
38.967	33.331	0.338	0.010
37.974	33.054	0.327	0.009
36.188	31.953	0.317	0.009
34.493	30.944	0.310	0.009
32.930	30.486	0.306	0.009
31.068	30.199	0.304	0.009
28.541	29.847	0.305	0.009
26.264	29.989	0.309	0.009
25.303	31.193	0.314	0.009
25.736	32.999	0.321	0.009
26.570	34.412	0.330	0.009
26.909	35.092	0.339	0.009
26.577	35.727	0.350	0.009
25.865	37.201	0.362	0.009
25.324	39.736	0.374	0.009
24.757	42.581	0.386	0.010
24.336	44.777	0.398	0.010
24.380	46.078	0.411	0.010
24.657	46.999	0.423	0.010
24.624	48.228	0.436	0.010
23.806	50.043	0.449	0.011
22.268	51.759	0.463	0.011
20.494	52.318	0.477	0.011
19.164	51.282	0.493	0.011
18.562	49.390	0.509	0.011
18.624	47.160	0.526	0.011
19.088	44.265	0.543	0.011
19.656	40.390	0.559	0.010
20.208	36.308	0.573	0.010
20.577	33.573	0.587	0.010
20.746	32.893	0.602	0.010
20.715	32.794	0.618	0.009
20.584	31.383	0.634	0.009
20.465	28.323	0.650	0.009
20.079	24.920	0.665	0.008
19.596	22.552	0.679	0.008
18.889	21.426	0.693	0.008
17.948	20.750	0.707	0.008
16.785	19.955	0.721	0.007
15.543	19.229	0.735	0.007
14.424	18.924	0.749	0.007
13.431	18.921	0.764	0.007
12.422	18.804	0.778	0.007
11.322	18.432	0.791	0.007
10.326	18.092	0.804	0.007
9.555	18.050	0.816	0.007
8.996	18.224	0.827	0.007
8.455	18.377	0.838	0.007
7.816	18.357	0.849	0.007
7.048	18.425	0.861	0.007
6.311	18.668	0.872	0.007
5.707	18.805	0.883	0.007
5.310	18.616	0.893	0.007
5.077	18.281	0.902	0.007
4.945	18.183	0.912	0.007
4.820	18.400	0.920	0.007
4.590	18.660	0.928	0.007
4.420	18.649	0.936	0.007
4.265	18.385	0.942	0.007
4.040	18.047	0.947	0.007
3.657	17.660	0.952	0.007
3.240	16.995	0.955	0.006
2.879	15.794	0.958	0.006
2.607	14.161	0.960	0.006
2.577	12.576	0.961	0.006
2.594	11.257	0.961	0.006
2.391	9.974	0.962	0.005
1.934	8.433	0.961	0.005
1.420	6.728	0.961	0.005
1.064	5.363	0.960	0.005
1.337	4.688	0.959	0.004
1.714	4.457	0.958	0.004
1.670	4.158	0.956	0.004
1.063	3.536	0.954	0.003
0.354	2.784	0.952	0.003
0.040	2.168	0.950	0.003
0.204	1.710	0.948	0.003
0.481	1.238	0.945	0.002
0.535	0.693	0.941	0.002
0.415	0.234	0.936	0.002
0.387	0.051	0.930	0.001
0.638	0.149	0.923	0.001
0.961	0.343	0.915	0.001
1.114	0.467	0.906	0.001
1.073	0.517	0.897	0.001
1.019	0.605	0.887	0.001
1.084	0.801	0.877	0.001
1.237	1.031	0.866	0.001
1.369	1.191	0.854	0.001
1.433	1.274	0.842	0.002
1.492	1.378	0.829	0.002
1.590	1.588	0.815	0.002
1.696	1.851	0.801	0.002
1.730	2.011	0.786	0.002
1.694	1.975	0.771	0.002
1.661	1.804	0.756	0.002
1.674	1.659	0.741	0.002
1.691	1.644	0.726	0.002
1.654	1.739	0.711	0.002
1.581	1.826	0.695	0.002
1.542	1.821	0.680	0.002
1.588	1.752	0.666	0.002
1.726	1.721	0.651	0.002
1.876	1.804	0.636	0.002
1.976	1.985	0.622	0.002
2.043	2.176	0.607	0.002
2.119	2.306	0.592	0.002
2.206	2.380	0.577	0.002
2.270	2.451	0.563	0.002
2.284	2.556	0.549	0.002
2.256	2.652	0.534	0.002
2.239	2.651	0.521	0.002
2.254	2.520	0.508	0.002
2.279	2.344	0.496	0.002
2.222	2.260	0.484	0.002
2.319	2.340	0.474	0.002
2.376	2.519	0.466	0.002
2.219	2.678	0.458	0.002
1.837	2.759	0.452	0.002
1.465	2.792	0.447	0.003
1.314	2.834	0.443	0.003
1.386	2.895	0.441	0.003
1.489	2.934	0.440	0.003
1.461	2.921	0.440	0.003
1.318	2.874	0.441	0.003
1.199	2.830	0.443	0.003
1.179	2.792	0.447	0.003
1.201	2.724	0.451	0.003
1.189	2.597	0.456	0.003
1.140	2.424	0.461	0.003
1.150	2.245	0.467	0.002
1.253	2.101	0.473	0.002
1.397	2.018	0.480	0.002
1.513	1.970	0.487	0.002
1.585	1.888	0.494	0.002
1.630	1.716	0.501	0.002
1.710	1.477	0.509	0.002
1.812	1.286	0.517	0.002
1.889	1.226	0.525	0.002
1.981	1.280	0.534	0.002
2.033	1.362	0.543	0.002
2.010	1.408	0.554	0.002
1.906	1.428	0.565	0.002
1.769	1.465	0.576	0.002
1.664	1.520	0.588	0.002
1.608	1.552	0.600	0.002
1.606	1.534	0.612	0.002
1.632	1.507	0.625	0.002
1.672	1.505	0.639	0.002
1.750	1.550	0.652	0.002
1.860	1.585	0.667	0.002
1.981	1.548	0.682	0.002
2.089	1.451	0.697	0.002
2.185	1.392	0.713	0.002
2.263	1.446	0.729	0.002
2.296	1.594	0.745	0.002
2.294	1.749	0.761	0.002
2.291	1.849	0.776	0.002
2.323	1.912	0.791	0.002
2.384	1.983	0.807	0.002
2.434	2.085	0.822	0.002
2.438	2.180	0.836	0.002
2.421	2.206	0.851	0.002
2.416	2.139	0.865	0.002
2.443	2.026	0.878	0.002
2.459	1.952	0.891	0.002
2.429	1.965	0.904	0.002
2.352	2.000	0.915	0.002
2.294	1.958	0.925	0.002
2.268	1.816	0.933	0.002
2.231	1.648	0.940	0.002
2.142	1.546	0.946	0.002
2.022	1.488	0.951	0.002
1.942	1.372	0.955	0.002
1.919	1.161	0.958	0.002
1.920	0.940	0.960	0.002
1.903	0.836	0.961	0.002
1.856	0.886	0.962	0.002
1.807	0.969	0.962	0.002
1.786	0.952	0.962	0.002
1.781	0.834	0.962	0.001
1.770	0.728	0.962	0.001
1.738	0.731	0.962	0.001
1.697	0.827	0.962	0.001
1.701	0.931	0.962	0.001
1.749	0.993	0.962	0.001
1.801	1.043	0.962	0.002
1.828	1.125	0.962	0.002
1.842	1.223	0.963	0.002
1.889	1.275	0.963	0.002
1.997	1.260	0.963	0.002
2.089	1.223	0.964	0.002
2.151	1.232	0.964	0.002
2.205	1.287	0.965	0.002
2.277	1.313	0.966	0.002
2.343	1.278	0.966	0.002
2.373	1.226	0.967	0.002
2.341	1.274	0.967	0.002
2.262	1.386	0.967	0.002
2.158	1.413	0.968	0.002
2.084	1.269	0.968	0.002
2.077	1.098	0.968	0.002
2.083	1.108	0.967	0.002
2.040	1.317	0.967	0.002
1.926	1.543	0.966	0.002
1.830	1.607	0.965	0.002
1.787	1.528	0.964	0.002
1.798	1.471	0.963	0.002
1.765	1.538	0.962	0.002
1.659	1.657	0.961	0.002
1.502	1.686	0.960	0.002
1.360	1.592	0.959	0.002
1.264	1.463	0.958	0.002
1.218	1.397	0.957	0.002
1.202	1.402	0.955	0.002
1.208	1.424	0.954	0.002
1.227	1.434	0.953	0.002
1.250	1.451	0.952	0.002
1.280	1.503	0.951	0.002
1.327	1.585	0.951	0.002
1.372	1.672	0.950	0.002
1.410	1.750	0.949	0.002
1.465	1.823	0.948	0.002
1.517	1.902	0.948	0.002
1.550	1.996	0.947	0.002
1.557	2.107	0.947	0.002
1.546	2.234	0.946	0.002
1.546	2.356	0.946	0.002
1.564	2.432	0.945	0.002
1.562	2.432	0.945	0.002
1.513	2.361	0.944	0.002
1.430	2.261	0.943	0.002
1.356	2.169	0.942	0.002
1.326	2.074	0.941	0.002
1.345	1.943	0.941	0.002
1.395	1.769	0.940	0.002
1.453	1.609	0.940	0.002
1.511	1.549	0.940	0.002
1.561	1.622	0.940	0.002
1.590	1.799	0.940	0.002
1.564	2.019	0.941	0.002
1.507	2.230	0.941	0.002
1.464	2.410	0.941	0.002
1.471	2.552	0.941	0.002
1.513	2.643	0.940	0.002
1.552	2.666	0.940	0.002
1.551	2.603	0.939	0.002
1.525	2.450	0.938	0.002
1.493	2.229	0.937	0.002
1.463	1.980	0.936	0.002
1.417	1.737	0.935	0.002
1.340	1.534	0.934	0.002
1.232	1.403	0.933	0.002
1.116	1.370	0.933	0.002
1.006	1.424	0.932	0.002
0.905	1.498	0.932	0.002
0.815	1.500	0.931	0.002
0.739	1.380	0.931	0.002
0.670	1.177	0.931	0.002
0.602	0.984	0.932	0.002
0.533	0.876	0.932	0.002
0.459	0.859	0.932	0.002
0.399	0.886	0.931	0.002
0.366	0.906	0.931	0.002
0.347	0.897	0.932	0.001
0.347	0.854	0.932	0.001
0.359	0.783	0.933	0.001
0.379	0.694	0.934	0.001
0.383	0.610	0.935	0.001
0.349	0.552	0.936	0.001
0.303	0.521	0.937	0.001
0.279	0.501	0.938	0.001
0.290	0.478	0.939	0.001
0.346	0.454	0.940	0.001
0.445	0.441	0.940	0.001
0.548	0.436	0.941	0.001
0.584	0.426	0.942	0.001
0.545	0.409	0.943	0.001
0.497	0.400	0.944	0.001
0.520	0.422	0.944	0.001
0.613	0.491	0.945	0.001
0.730	0.600	0.946	0.001
0.816	0.717	0.947	0.001
0.871	0.788	0.948	0.001
0.907	0.772	0.949	0.001
0.927	0.675	0.950	0.001
0.916	0.554	0.951	0.001
0.875	0.474	0.952	0.001
0.842	0.464	0.953	0.001
0.848	0.503	0.954	0.001
0.891	0.558	0.954	0.001
0.943	0.612	0.955	0.001
0.972	0.660	0.956	0.001
0.974	0.694	0.957	0.001
0.951	0.707	0.958	0.001
0.930	0.704	0.958	0.001
0.925	0.704	0.958	0.001
0.928	0.725	0.958	0.001
0.925	0.760	0.958	0.001
0.910	0.795	0.958	0.001
0.885	0.817	0.958	0.001
0.854	0.822	0.958	0.001
0.828	0.818	0.958	0.001
0.809	0.815	0.957	0.001
0.788	0.814	0.957	0.001
0.765	0.808	0.957	0.001
0.741	0.779	0.957	0.001
0.739	0.717	0.957	0.001
0.756	0.636	0.958	0.001
0.754	0.570	0.957	0.001
0.707	0.545	0.957	0.001
0.631	0.558	0.957	0.001
0.570	0.577	0.957	0.001
0.546	0.580	0.958	0.001
0.543	0.569	0.958	0.001
0.526	0.545	0.958	0.001
0.476	0.498	0.958	0.001
0.411	0.428	0.958	0.001
0.368	0.360	0.958	0.001
0.357	0.319	0.958	0.001
0.359	0.311	0.958	0.001
0.350	0.316	0.958	0.001
0.328	0.304	0.959	0.001
0.312	0.274	0.959	0.001
0.311	0.252	0.959	0.001
0.321	0.256	0.959	0.001
0.322	0.276	0.959	0.001
0.306	0.283	0.958	0.001
0.288	0.257	0.958	0.001
0.282	0.217	0.958	0.001
0.284	0.190	0.956	0.001
0.279	0.183	0.955	0.001
0.259	0.177	0.952	0.001
0.236	0.150	0.950	0.001
0.227	0.106	0.948	0.001
0.238	0.071	0.946	0.001
0.252	0.062	0.945	0.001
0.253	0.074	0.945	0.001
0.242	0.090	0.945	0.000
0.246	0.100	0.944	0.000
0.281	0.110	0.944	0.000
0.333	0.127	0.943	0.001
0.373	0.154	0.942	0.001
0.391	0.195	0.941	0.001
0.402	0.255	0.940	0.001
0.428	0.336	0.940	0.001
0.472	0.424	0.939	0.001
0.524	0.489	0.938	0.001
0.585	0.511	0.937	0.001
0.667	0.492	0.935	0.001
0.776	0.465	0.931	0.001
0.883	0.472	0.927	0.001
0.937	0.524	0.922	0.001
0.897	0.589	0.915	0.001
0.791	0.610	0.908	0.001
0.684	0.550	0.902	0.001
0.627	0.422	0.896	0.001
0.624	0.281	0.893	0.001
0.647	0.178	0.892	0.001
0.659	0.128	0.892	0.001
0.650	0.118	0.891	0.001
0.651	0.129	0.890	0.001
0.646	0.150	0.888	0.001
0.621	0.163	0.887	0.001
0.582	0.153	0.886	0.001
0.564	0.119	0.885	0.001
0.597	0.079	0.883	0.001
0.676	0.055	0.882	0.000
0.754	0.053	0.880	0.000
0.791	0.061	0.878	0.000
0.776	0.063	0.875	0.000
0.734	0.056	0.872	0.000
0.692	0.050	0.869	0.000
0.676	0.051	0.865	0.000
0.684	0.060	0.860	0.000
0.707	0.072	0.855	0.000
0.718	0.086	0.849	0.000
0.713	0.099	0.843	0.000
0.687	0.103	0.837	0.000
0.661	0.096	0.831	0.000
0.639	0.092	0.824	0.000
0.623	0.097	0.817	0.000
0.603	0.114	0.809	0.000
0.570	0.136	0.802	0.000
0.516	0.146	0.795	0.001
0.445	0.136	0.788	0.001
0.374	0.116	0.782	0.001
0.317	0.108	0.777	0.001
0.280	0.121	0.771	0.001
0.261	0.148	0.765	0.001
0.251	0.175	0.758	0.001
0.252	0.195	0.750	0.001
0.283	0.213	0.742	0.001
0.356	0.233	0.733	0.001
0.480	0.248	0.724	0.001
0.633	0.242	0.715	0.001
0.762	0.212	0.705	0.001
0.827	0.181	0.696	0.001
0.811	0.174	0.687	0.001
0.711	0.192	0.679	0.001
0.563	0.208	0.671	0.001
0.425	0.196	0.665	0.001
0.347	0.160	0.660	0.001
0.341	0.135	0.655	0.001
0.378	0.168	0.652	0.001
0.417	0.270	0.650	0.001
0.446	0.402	0.650	0.001
0.482	0.509	0.650	0.001
0.555	0.563	0.650	0.001
0.658	0.584	0.652	0.001
0.734	0.605	0.654	0.001
0.736	0.645	0.656	0.001
0.687	0.704	0.659	0.001
0.649	0.773	0.662	0.001
0.682	0.836	0.667	0.001
0.863	0.869	0.674	0.001
1.162	0.872	0.682	0.001
1.512	0.893	0.690	0.001
1.856	1.032	0.697	0.002
2.187	1.359	0.704	0.002
2.516	1.833	0.712	0.002
2.878	2.309	0.721	0.002
3.286	2.668	0.731	0.002
3.768	2.940	0.743	0.002
4.299	3.263	0.756	0.002
4.770	3.731	0.768	0.003
5.162	4.285	0.781	0.003
5.561	4.819	0.793	0.003
6.207	5.300	0.804	0.003
7.474	5.802	0.816	0.003
9.599	6.346	0.829	0.004
12.455	6.815	0.841	0.004
15.783	7.174	0.852	0.004
19.518	7.639	0.861	0.004
24.056	8.500	0.869	0.004
29.660	9.801	0.876	0.004
36.419	11.095	0.881	0.005
44.090	11.817	0.884	0.005
52.971	11.857	0.885	0.005
63.793	11.633	0.884	0.005
78.497	11.832	0.884	0.005
96.024	12.856	0.884	0.005
115.300	14.410	0.883	0.006
134.712	15.741	0.880	0.006
153.636	16.109	0.875	0.006
171.127	15.210	0.869	0.006
186.550	13.281	0.863	0.006
197.910	10.791	0.857	0.006
204.418	8.292	0.850	0.005
205.141	6.592	0.841	0.005
199.364	6.773	0.830	0.005
187.002	9.653	0.815	0.005
169.793	15.298	0.797	0.005
151.444	23.155	0.777	0.006
135.696	32.909	0.759	0.007
125.145	45.974	0.745	0.008
120.503	65.170	0.737	0.010
121.614	92.541	0.734	0.012
126.377	127.487	0.735	0.014
132.504	167.051	0.739	0.016
136.809	207.909	0.745	0.018
137.032	247.586	0.753	0.020
135.743	282.545	0.760	0.022
138.313	307.753	0.764	0.023
147.744	315.363	0.768	0.024
160.091	298.268	0.772	0.025
167.761	256.190	0.776	0.025
168.065	199.837	0.780	0.024
164.649	146.631	0.782	0.023
161.984	110.006	0.784	0.022
161.478	91.406	0.786	0.020
159.366	83.433	0.788	0.018
150.791	78.569	0.789	0.017
134.041	75.354	0.789	0.016
111.393	76.287	0.789	0.015
86.790	82.346	0.788	0.014
63.859	90.837	0.788	0.014
46.175	97.968	0.787	0.015
35.612	102.020	0.786	0.015
31.917	103.161	0.785	0.015
32.637	101.666	0.784	0.015
33.747	97.395	0.784	0.015
32.856	90.861	0.783	0.015
29.925	83.915	0.782	0.015
26.620	78.751	0.782	0.015
24.278	76.080	0.781	0.014
22.778	74.539	0.781	0.014
20.957	72.088	0.780	0.014
18.322	67.655	0.780	0.013
15.526	61.642	0.779	0.013
13.537	55.107	0.778	0.012
12.524	48.814	0.777	0.012
12.994	42.997	0.776	0.011
13.276	37.787	0.776	0.011
12.233	33.265	0.775	0.010
10.069	29.355	0.775	0.010
8.274	25.767	0.774	0.009
7.416	22.345	0.773	0.009
7.275	19.401	0.770	0.008
7.108	17.613	0.767	0.008
6.523	16.713	0.764	0.007
6.477	15.655	0.760	0.007
7.296	13.815	0.756	0.006
7.907	11.680	0.753	0.006
7.375	10.189	0.749	0.006
6.370	9.731	0.746	0.005
5.775	9.851	0.743	0.005
6.668	9.944	0.740	0.005
8.363	9.963	0.737	0.005
9.214	10.073	0.734	0.005
8.773	10.262	0.730	0.005
8.243	10.374	0.726	0.005
8.738	10.449	0.722	0.005
10.409	10.902	0.716	0.005
12.223	12.005	0.711	0.005
13.411	13.415	0.704	0.005
13.868	14.530	0.697	0.005
13.807	15.191	0.689	0.006
13.213	16.174	0.681	0.006
12.148	18.472	0.672	0.006
10.992	22.265	0.663	0.007
10.292	26.604	0.654	0.007
10.413	30.107	0.644	0.007
11.334	32.424	0.635	0.008
12.786	34.555	0.625	0.008
14.263	37.880	0.616	0.009
15.514	42.828	0.606	0.009
16.595	48.606	0.595	0.010
17.632	53.929	0.585	0.010
18.343	58.411	0.576	0.011
18.686	62.744	0.568	0.011
18.793	67.745	0.562	0.012
18.915	73.495	0.556	0.012
19.338	79.292	0.552	0.013
20.517	83.914	0.548	0.013
22.048	86.507	0.545	0.014
23.148	87.138	0.542	0.014
23.401	86.820	0.539	0.014
23.132	86.790	0.536	0.014
23.080	87.165	0.532	0.014
23.639	86.653	0.529	0.014
24.337	83.450	0.526	0.014
23.965	76.849	0.523	0.014
22.895	67.840	0.521	0.014
22.067	58.539	0.520	0.013
22.428	50.627	0.519	0.013
23.844	44.598	0.517	0.012
25.878	39.971	0.516	0.011
27.988	36.087	0.515	0.011
30.043	32.707	0.515	0.010
32.047	29.888	0.514	0.010
33.785	27.689	0.512	0.009
35.025	26.083	0.510	0.009
35.998	24.768	0.508	0.008
37.363	23.230	0.508	0.008
38.866	21.176	0.509	0.008
39.627	18.864	0.512	0.007
38.991	17.064	0.516	0.007
37.409	16.395	0.524	0.007
35.581	16.680	0.534	0.007
33.719	17.278	0.547	0.007
31.549	17.778	0.560	0.007
28.735	18.200	0.573	0.007
25.376	18.664	0.585	0.007
22.002	19.055	0.596	0.007
19.018	19.264	0.609	0.007
16.408	19.490	0.622	0.007
14.208	20.043	0.637	0.007
12.854	21.015	0.652	0.007
12.604	22.067	0.666	0.007
13.082	22.828	0.680	0.007
13.703	23.367	0.694	0.007
14.156	24.149	0.708	0.007
15.191	25.593	0.721	0.008
16.928	27.766	0.734	0.008
18.472	30.412	0.748	0.008
18.907	33.378	0.761	0.008
18.550	36.802	0.774	0.009
18.163	40.921	0.786	0.009
18.653	45.693	0.799	0.010
19.954	50.726	0.812	0.010
21.143	55.525	0.824	0.011
21.710	59.693	0.836	0.011
21.952	62.893	0.848	0.011
22.355	64.763	0.860	0.012
22.787	64.963	0.871	0.012
22.892	63.489	0.882	0.012
22.642	60.719	0.893	0.012
22.228	57.145	0.902	0.012
22.031	53.141	0.910	0.012
22.228	49.062	0.918	0.012
22.966	45.204	0.924	0.011
23.959	41.795	0.930	0.011
25.054	38.844	0.936	0.011
26.199	36.241	0.941	0.010
27.649	34.022	0.945	0.010
29.378	32.411	0.949	0.010
31.516	31.546	0.952	0.009
33.671	31.221	0.954	0.009
35.755	30.970	0.956	0.009
36.970	30.496	0.958	0.009
36.924	30.219	0.959	0.009
35.929	29.363	0.960	0.008
34.187	28.563	0.960	0.008
31.797	28.387	0.960	0.008
28.698	27.489	0.960	0.008
25.105	26.401	0.959	0.008
21.558	26.783	0.959	0.008
18.791	28.754	0.957	0.008
17.056	31.053	0.956	0.008
16.068	32.372	0.954	0.008
15.484	32.621	0.953	0.008
15.346	33.075	0.951	0.009
15.847	34.926	0.949	0.009
16.868	37.899	0.947	0.009
17.989	40.760	0.944	0.009
18.840	42.838	0.942	0.010
19.447	44.564	0.938	0.010
20.183	46.752	0.935	0.010
21.355	49.561	0.931	0.010
22.943	52.304	0.927	0.011
24.671	54.161	0.922	0.011
25.798	54.756	0.917	0.011
26.361	54.211	0.913	0.011
26.711	52.965	0.908	0.011
27.063	50.675	0.903	0.011
27.352	46.455	0.897	0.011
26.651	40.194	0.892	0.011
24.749	33.524	0.886	0.010
22.766	28.871	0.880	0.010
22.002	27.090	0.874	0.009
23.006	26.118	0.867	0.009
24.912	23.437	0.861	0.008
26.391	18.704	0.854	0.008
26.846	14.015	0.847	0.007
26.843	11.508	0.840	0.007
26.764	10.948	0.833	0.006
26.453	10.226	0.824	0.006
25.648	7.989	0.816	0.005
24.489	5.077	0.809	0.005
23.296	3.193	0.801	0.004
22.140	2.833	0.794	0.004
20.675	2.990	0.786	0.003
18.725	2.597	0.778	0.003
16.530	1.724	0.770	0.003
14.525	1.189	0.762	0.002
12.998	1.352	0.754	0.002
11.703	1.705	0.747	0.002
10.271	1.612	0.739	0.002
8.789	1.097	0.731	0.002
7.588	0.726	0.723	0.002
6.806	0.859	0.715	0.002
6.377	1.295	0.709	0.002
5.854	1.590	0.702	0.002
5.128	1.560	0.697	0.002
4.336	1.415	0.691	0.002
3.713	1.467	0.686	0.002
3.334	1.819	0.681	0.002
3.089	2.320	0.677	0.002
2.885	2.769	0.673	0.002
2.716	3.086	0.669	0.002
2.611	3.327	0.666	0.002
2.538	3.593	0.663	0.003
2.440	3.933	0.660	0.003
2.323	4.321	0.657	0.003
2.286	4.720	0.655	0.003
2.376	5.161	0.653	0.003
2.508	5.707	0.652	0.003
2.696	6.341	0.651	0.004
2.870	6.917	0.650	0.004
2.963	7.259	0.649	0.004
2.986	7.330	0.649	0.004
2.931	7.265	0.648	0.004
2.822	7.237	0.648	0.004
2.689	7.309	0.649	0.004
2.583	7.415	0.650	0.004
2.501	7.500	0.651	0.004
2.416	7.600	0.652	0.004
2.289	7.774	0.653	0.004
2.148	7.958	0.655	0.004
2.033	7.960	0.656	0.004
1.952	7.635	0.657	0.004
1.879	7.048	0.658	0.004
1.785	6.434	0.659	0.004
1.659	6.000	0.660	0.004
1.543	5.771	0.660	0.004
1.471	5.609	0.660	0.004
1.430	5.376	0.660	0.004
1.407	5.038	0.659	0.004
1.377	4.635	0.658	0.004
1.337	4.203	0.657	0.003
1.292	3.753	0.656	0.003
1.255	3.313	0.654	0.003
1.231	2.940	0.653	0.003
1.246	2.668	0.650	0.003
1.295	2.473	0.648	0.003
1.333	2.305	0.645	0.003
1.325	2.141	0.641	0.003
1.291	2.012	0.636	0.002
1.270	1.963	0.632	0.002
1.297	1.996	0.626	0.002
1.384	2.070	0.620	0.002
1.474	2.139	0.614	0.002
1.533	2.188	0.607	0.002
1.569	2.236	0.600	0.002
1.617	2.300	0.592	0.002
1.696	2.381	0.584	0.002
1.789	2.454	0.577	0.002
1.874	2.493	0.569	0.002
1.927	2.481	0.561	0.002
1.944	2.432	0.553	0.002
1.946	2.391	0.545	0.002
1.933	2.406	0.537	0.002
1.911	2.486	0.529	0.002
1.873	2.580	0.522	0.002
1.860	2.614	0.515	0.002
1.835	2.572	0.508	0.002
1.769	2.520	0.502	0.002
1.656	2.543	0.497	0.002
1.542	2.637	0.493	0.003
1.474	2.740	0.490	0.003
1.468	2.791	0.489	0.003
1.567	2.801	0.488	0.003
1.794	2.803	0.489	0.003
2.068	2.767	0.491	0.003
2.106	2.631	0.495	0.003
1.814	2.408	0.502	0.003
1.386	2.199	0.510	0.002
1.124	2.112	0.520	0.002
1.143	2.148	0.532	0.002
1.308	2.193	0.546	0.002
1.382	2.148	0.561	0.002
1.309	2.022	0.577	0.002
1.201	1.903	0.594	0.002
1.182	1.851	0.613	0.002
1.247	1.843	0.632	0.002
1.317	1.821	0.653	0.002
1.306	1.761	0.674	0.002
1.240	1.698	0.694	0.002
1.187	1.673	0.715	0.002
1.175	1.683	0.734	0.002
1.186	1.705	0.754	0.002
1.190	1.724	0.775	0.002
1.180	1.743	0.795	0.002
1.172	1.765	0.815	0.002
1.178	1.780	0.835	0.002
1.190	1.770	0.854	0.002
1.202	1.736	0.873	0.002
1.202	1.696	0.891	0.002
1.196	1.659	0.907	0.002
1.196	1.634	0.921	0.002
1.203	1.628	0.933	0.002
1.212	1.650	0.943	0.002
1.223	1.683	0.950	0.002
1.249	1.693	0.956	0.002
1.297	1.654	0.960	0.002
1.331	1.581	0.963	0.002
1.356	1.516	0.965	0.002
1.343	1.486	0.967	0.002
1.292	1.486	0.968	0.002
1.274	1.499	0.969	0.002
1.284	1.529	0.969	0.002
1.286	1.593	0.970	0.002
1.295	1.689	0.970	0.002
1.307	1.780	0.970	0.002
1.325	1.829	0.970	0.002
1.348	1.833	0.970	0.002
1.374	1.819	0.970	0.002
1.392	1.810	0.970	0.002
1.390	1.792	0.970	0.002
1.368	1.742	0.970	0.002
1.329	1.661	0.970	0.002
1.292	1.575	0.970	0.002
1.296	1.506	0.970	0.002
1.316	1.441	0.970	0.002
1.305	1.357	0.970	0.002
1.256	1.255	0.969	0.002
1.202	1.166	0.969	0.002
1.174	1.123	0.969	0.002
1.183	1.128	0.969	0.002
1.208	1.153	0.968	0.002
1.220	1.157	0.968	0.002
1.214	1.118	0.967	0.002
1.211	1.053	0.967	0.002
1.234	1.015	0.967	0.002
1.272	1.052	0.966	0.002
1.311	1.164	0.966	0.002
1.322	1.282	0.966	0.002
1.310	1.316	0.966	0.002
1.291	1.227	0.966	0.002
1.282	1.072	0.966	0.002
1.270	0.950	0.966	0.002
1.240	0.930	0.966	0.002
1.206	0.994	0.966	0.002
1.185	1.066	0.966	0.002
1.181	1.090	0.966	0.002
1.182	1.074	0.966	0.002
1.194	1.066	0.966	0.002
1.193	1.090	0.967	0.002
1.181	1.119	0.967	0.002
1.158	1.106	0.967	0.002
1.128	1.038	0.967	0.002
1.067	0.947	0.967	0.002
0.976	0.871	0.968	0.002
0.896	0.825	0.968	0.002
0.859	0.801	0.968	0.001
0.870	0.794	0.968	0.001
0.899	0.811	0.969	0.001
0.912	0.845	0.969	0.001
0.900	0.863	0.970	0.001
0.878	0.840	0.970	0.001
0.867	0.785	0.971	0.001
0.879	0.733	0.971	0.001
0.890	0.713	0.971	0.001
0.881	0.716	0.971	0.001
0.864	0.719	0.971	0.001
0.878	0.711	0.971	0.001
0.919	0.706	0.971	0.001
0.961	0.720	0.971	0.001
0.969	0.746	0.971	0.001
0.950	0.761	0.971	0.001
0.938	0.746	0.970	0.001
0.950	0.704	0.970	0.001
0.970	0.654	0.970	0.001
0.974	0.610	0.970	0.001
0.955	0.576	0.969	0.001
0.922	0.552	0.969	0.001
0.911	0.539	0.969	0.001
0.917	0.538	0.968	0.001
0.923	0.546	0.968	0.001
0.909	0.564	0.967	0.001
0.891	0.587	0.966	0.001
0.877	0.609	0.966	0.001
0.880	0.620	0.966	0.001
0.883	0.613	0.965	0.001
0.872	0.587	0.965	0.001
0.834	0.556	0.964	0.001
0.792	0.538	0.964	0.001
0.757	0.542	0.964	0.001
0.750	0.555	0.964	0.001
0.779	0.558	0.964	0.001
0.824	0.541	0.963	0.001
0.848	0.516	0.963	0.001
0.833	0.497	0.963	0.001
0.796	0.490	0.963	0.001
0.765	0.496	0.963	0.001
0.766	0.515	0.963	0.001
0.797	0.550	0.963	0.001
0.834	0.595	0.963	0.001
0.854	0.640	0.963	0.001
0.869	0.670	0.963	0.001
0.888	0.683	0.964	0.001
0.904	0.685	0.964	0.001
0.899	0.682	0.964	0.001
0.866	0.671	0.964	0.001
0.822	0.643	0.965	0.001
0.790	0.594	0.965	0.001
0.780	0.544	0.965	0.001
0.799	0.517	0.966	0.001
0.815	0.520	0.966	0.001
0.798	0.540	0.966	0.001
0.753	0.551	0.966	0.001
0.703	0.550	0.966	0.001
0.678	0.551	0.967	0.001
0.681	0.563	0.967	0.001
0.698	0.579	0.966	0.001
0.712	0.587	0.966	0.001
0.724	0.592	0.966	0.001
0.753	0.619	0.966	0.001
0.799	0.680	0.967	0.001
0.833	0.763	0.967	0.001
0.841	0.834	0.967	0.001
0.825	0.865	0.967	0.001
0.802	0.854	0.967	0.001
0.788	0.819	0.968	0.001
0.779	0.785	0.968	0.001
0.763	0.771	0.968	0.001
0.740	0.785	0.968	0.001
0.724	0.831	0.968	0.001
0.721	0.906	0.968	0.001
0.723	0.996	0.968	0.001
0.725	1.081	0.968	0.001
0.712	1.137	0.968	0.002
0.692	1.157	0.968	0.002
0.665	1.142	0.968	0.002
0.634	1.101	0.968	0.002
0.607	1.048	0.968	0.002
0.593	1.006	0.968	0.002
0.592	0.991	0.968	0.002
0.596	0.992	0.968	0.002
0.597	0.971	0.968	0.002
0.589	0.902	0.968	0.002
0.575	0.801	0.968	0.001
0.562	0.707	0.968	0.001
0.555	0.649	0.968	0.001
0.543	0.617	0.968	0.001
0.525	0.588	0.968	0.001
0.513	0.562	0.968	0.001
0.509	0.557	0.969	0.001
0.516	0.584	0.969	0.001
0.530	0.618	0.969	0.001
0.541	0.620	0.969	0.001
0.543	0.577	0.969	0.001
0.538	0.522	0.969	0.001
0.538	0.496	0.969	0.001
0.557	0.510	0.969	0.001
0.581	0.537	0.969	0.001
0.591	0.548	0.968	0.001
0.582	0.543	0.968	0.001
0.560	0.553	0.968	0.001
0.548	0.592	0.968	0.001
0.560	0.650	0.968	0.001
0.593	0.687	0.967	0.001
0.638	0.686	0.967	0.001
0.690	0.668	0.966	0.001
0.732	0.669	0.966	0.001
0.755	0.709	0.965	0.001
0.738	0.765	0.965	0.001
0.678	0.800	0.964	0.001
0.606	0.806	0.964	0.001
0.557	0.795	0.962	0.001
0.538	0.769	0.961	0.001
0.527	0.709	0.960	0.001
0.507	0.613	0.959	0.001
0.490	0.532	0.958	0.001
0.502	0.536	0.958	0.001
0.551	0.651	0.957	0.001
0.608	0.825	0.957	0.001
0.631	0.967	0.956	0.001
0.611	1.022	0.956	0.001
0.579	1.001	0.956	0.001
0.561	0.946	0.956	0.001
0.585	0.894	0.956	0.001
0.606	0.853	0.956	0.001
0.589	0.819	0.956	0.001
0.541	0.786	0.956	0.001
0.492	0.747	0.956	0.001
0.463	0.701	0.956	0.001
0.447	0.660	0.957	0.001
0.429	0.642	0.957	0.001
0.402	0.650	0.958	0.001
0.373	0.667	0.958	0.001
0.360	0.673	0.958	0.001
0.361	0.661	0.958	0.001
0.370	0.641	0.958	0.001
0.385	0.624	0.958	0.001
0.405	0.613	0.958	0.001
0.429	0.610	0.958	0.001
0.452	0.624	0.958	0.001
0.489	0.658	0.958	0.001
0.535	0.705	0.958	0.001
0.584	0.745	0.958	0.001
0.662	0.771	0.958	0.001
0.739	0.797	0.958	0.001
0.768	0.851	0.957	0.001
0.755	0.947	0.956	0.001
0.733	1.082	0.955	0.001
0.750	1.234	0.953	0.002
0.827	1.375	0.951	0.002
0.927	1.483	0.949	0.002
1.004	1.548	0.947	0.002
1.050	1.585	0.944	0.002
1.077	1.630	0.941	0.002
1.090	1.719	0.938	0.002
1.078	1.848	0.935	0.002
1.055	1.986	0.932	0.002
1.025	2.102	0.930	0.002
1.028	2.195	0.928	0.002
1.068	2.291	0.926	0.002
1.117	2.396	0.924	0.002
1.164	2.488	0.921	0.002
1.216	2.555	0.918	0.002
1.279	2.616	0.916	0.002
1.361	2.719	0.913	0.002
1.456	2.882	0.912	0.003
1.556	3.074	0.910	0.003
1.651	3.261	0.908	0.003
1.756	3.454	0.907	0.003
1.906	3.719	0.905	0.003
2.112	4.106	0.903	0.003
2.359	4.576	0.902	0.003
2.634	5.049	0.899	0.003
2.919	5.490	0.896	0.003
3.203	5.966	0.893	0.004
3.509	6.588	0.889	0.004
3.893	7.405	0.885	0.004
4.378	8.351	0.880	0.004
5.004	9.305	0.875	0.004
5.747	10.203	0.870	0.005
6.580	11.097	0.864	0.005
7.667	12.136	0.857	0.005
9.530	13.437	0.851	0.005
12.748	14.959	0.845	0.006
17.384	16.570	0.839	0.006
22.731	18.169	0.833	0.006
27.855	19.788	0.827	0.006
32.875	21.571	0.820	0.007
37.440	23.599	0.812	0.007
41.120	25.694	0.802	0.007
43.480	27.584	0.790	0.008
44.126	29.170	0.776	0.008
44.591	30.811	0.762	0.008
46.749	33.224	0.746	0.009
51.139	37.237	0.729	0.009
56.128	43.288	0.710	0.009
60.491	51.172	0.692	0.010
65.058	59.869	0.676	0.011
71.466	68.012	0.663	0.011
79.595	74.580	0.653	0.012
87.011	79.405	0.648	0.012
90.984	83.007	0.646	0.013
91.303	86.245	0.648	0.014
90.508	89.892	0.652	0.014
91.750	94.186	0.658	0.014
97.480	98.412	0.666	0.015
109.561	100.956	0.673	0.015
127.953	100.477	0.681	0.015
149.313	97.112	0.688	0.015
168.916	92.658	0.694	0.015
182.066	89.234	0.699	0.015
187.982	87.484	0.703	0.015
189.293	86.329	0.706	0.015
189.743	85.210	0.708	0.015
188.675	85.296	0.711	0.015
183.225	87.782	0.714	0.015
170.702	91.902	0.717	0.015
157.301	96.024	0.721	0.015
146.962	99.599	0.723	0.015
139.405	104.488	0.726	0.015
128.763	112.779	0.728	0.016
112.626	123.714	0.730	0.016
96.376	133.896	0.733	0.017
89.551	140.419	0.735	0.017
96.460	143.462	0.738	0.018
110.811	146.647	0.740	0.018
122.390	153.131	0.743	0.019
125.720	162.868	0.747	0.019
122.076	173.166	0.751	0.019
117.539	180.500	0.755	0.020
113.108	181.771	0.759	0.020
107.891	174.919	0.763	0.020
100.960	159.697	0.767	0.020
93.628	138.348	0.771	0.019
86.968	115.124	0.775	0.019
80.932	94.605	0.778	0.018
74.508	79.787	0.781	0.017
68.090	71.258	0.784	0.016
62.751	68.024	0.787	0.015
59.145	68.420	0.789	0.014
57.000	70.422	0.791	0.014
55.686	71.953	0.793	0.013
53.240	71.529	0.794	0.013
47.266	69.132	0.796	0.013
37.920	66.509	0.796	0.013
28.156	65.738	0.797	0.013
21.347	66.834	0.798	0.013
18.869	67.176	0.799	0.013
19.175	63.844	0.801	0.012
19.901	56.739	0.804	0.012
19.682	48.586	0.807	0.012
18.952	42.089	0.809	0.011
18.466	37.613	0.812	0.011
18.300	33.652	0.814	0.010
17.697	29.018	0.816	0.010
16.945	24.151	0.818	0.009
16.255	20.178	0.820	0.008
15.767	17.393	0.821	0.008
15.098	15.069	0.821	0.007
14.034	12.570	0.822	0.007
13.006	10.117	0.822	0.006
12.249	8.343	0.822	0.006
11.669	7.376	0.821	0.005
10.895	6.801	0.820	0.005
9.902	6.351	0.819	0.005
9.173	6.359	0.817	0.004
9.119	7.314	0.815	0.004
9.613	9.174	0.812	0.004
10.098	11.354	0.808	0.005
10.135	13.376	0.804	0.005
10.017	15.249	0.800	0.005
10.189	17.151	0.796	0.006
10.658	18.917	0.791	0.006
11.026	20.058	0.785	0.006
11.179	20.204	0.779	0.006
11.308	19.447	0.773	0.007
11.674	18.221	0.767	0.007
12.363	16.921	0.761	0.007
12.771	15.642	0.755	0.006
12.362	14.244	0.749	0.006
11.750	12.708	0.743	0.006
12.299	11.352	0.737	0.006
15.040	10.632	0.730	0.006
18.992	10.766	0.724	0.006
22.868	11.593	0.717	0.005
25.567	12.762	0.710	0.005
27.337	14.012	0.702	0.006
28.778	15.263	0.695	0.006
29.845	16.532	0.686	0.006
29.849	17.980	0.678	0.006
28.436	19.771	0.668	0.006
25.940	22.033	0.658	0.007
23.261	24.681	0.647	0.007
21.054	27.433	0.634	0.007
19.621	30.078	0.621	0.008
19.020	32.727	0.606	0.008
19.468	35.710	0.590	0.009
21.115	39.420	0.574	0.009
23.723	43.877	0.557	0.009
26.629	48.872	0.540	0.010
29.453	54.296	0.522	0.010
32.135	60.367	0.505	0.011
34.992	67.292	0.489	0.012
37.601	74.739	0.475	0.012
39.326	81.553	0.461	0.013
39.631	86.180	0.448	0.013
39.094	87.523	0.437	0.013
38.881	85.364	0.427	0.014
39.258	80.228	0.417	0.014
39.200	73.117	0.410	0.014
38.108	65.216	0.405	0.013
36.866	57.584	0.404	0.013
36.587	50.864	0.406	0.012
37.340	45.158	0.410	0.012
38.325	40.308	0.416	0.011
38.814	36.308	0.422	0.011
39.061	33.342	0.429	0.010
39.714	31.472	0.437	0.010
40.852	30.425	0.446	0.009
41.437	29.757	0.457	0.009
41.265	29.205	0.467	0.009
40.037	28.811	0.478	0.009
38.444	28.720	0.489	0.009
36.803	28.925	0.499	0.008
35.066	29.295	0.511	0.008
33.002	29.745	0.525	0.008
30.534	30.290	0.541	0.008
27.998	30.948	0.560	0.009
25.762	31.648	0.583	0.009
23.930	32.286	0.608	0.009
22.261	32.881	0.635	0.009
20.641	33.532	0.663	0.009
19.109	34.286	0.691	0.009
17.890	35.108	0.718	0.009
17.099	35.996	0.743	0.009
16.766	37.077	0.765	0.009
16.913	38.562	0.784	0.009
17.415	40.572	0.801	0.010
18.262	43.044	0.816	0.010
19.416	45.788	0.829	0.010
20.721	48.584	0.842	0.010
21.829	51.249	0.853	0.011
22.468	53.555	0.863	0.011
22.613	55.149	0.871	0.011
22.424	55.633	0.878	0.011
21.965	54.779	0.883	0.011
21.294	52.709	0.888	0.011
20.613	49.839	0.893	0.011
20.071	46.498	0.899	0.011
19.560	42.780	0.903	0.011
19.074	38.769	0.907	0.010
18.772	34.741	0.908	0.010
18.726	31.100	0.909	0.010
19.111	28.088	0.909	0.009
19.971	25.621	0.910	0.009
21.344	23.522	0.912	0.008
23.099	21.776	0.913	0.008
25.014	20.473	0.915	0.008
26.742	19.569	0.917	0.007
28.189	18.804	0.919	0.007
29.251	17.925	0.920	0.007
29.803	16.926	0.922	0.007
29.799	16.036	0.924	0.007
29.303	15.466	0.926	0.006
28.260	15.177	0.928	0.006
27.042	14.937	0.930	0.006
25.071	14.553	0.932	0.006
22.263	13.989	0.935	0.006
19.004	13.316	0.937	0.006
15.945	12.582	0.940	0.006
13.432	11.810	0.943	0.006
11.383	11.116	0.945	0.006
10.044	10.698	0.948	0.005
9.487	10.679	0.951	0.005
9.538	10.994	0.953	0.005
9.758	11.456	0.955	0.005
9.705	12.007	0.957	0.005
9.254	12.747	0.958	0.005
8.935	13.719	0.959	0.005
8.842	14.786	0.960	0.006
8.719	15.700	0.960	0.006
8.270	16.349	0.960	0.006
7.468	16.821	0.959	0.006
7.010	17.221	0.958	0.006
7.155	17.539	0.957	0.006
7.498	17.671	0.957	0.006
7.426	17.491	0.956	0.006
6.667	16.986	0.955	0.006
5.650	16.176	0.954	0.006
5.017	15.111	0.954	0.006
4.930	13.845	0.953	0.006
5.011	12.432	0.952	0.006
4.897	10.908	0.950	0.006
4.471	9.383	0.949	0.005
3.949	8.028	0.947	0.005
3.526	6.982	0.946	0.005
3.244	6.232	0.944	0.005
3.074	5.609	0.943	0.004
3.180	4.926	0.941	0.004
3.281	4.168	0.939	0.004
3.154	3.469	0.938	0.003
2.828	2.946	0.936	0.003
2.400	2.564	0.935	0.003
2.071	2.201	0.933	0.003
1.910	1.798	0.932	0.003
1.819	1.429	0.931	0.002
1.654	1.191	0.929	0.002
1.448	1.085	0.928	0.002
1.261	1.014	0.926	0.002
1.159	0.902	0.925	0.002
1.100	0.765	0.923	0.002
1.022	0.658	0.921	0.001
0.906	0.582	0.919	0.001
0.877	0.485	0.917	0.001
0.907	0.344	0.915	0.001
1.050	0.217	0.913	0.001
1.071	0.187	0.910	0.001
0.861	0.290	0.907	0.001
0.515	0.498	0.905	0.001
0.259	0.716	0.902	0.001
0.218	0.805	0.899	0.001
0.325	0.693	0.897	0.001
0.382	0.423	0.894	0.001
0.309	0.158	0.891	0.001
0.180	0.033	0.888	0.001
0.113	0.059	0.885	0.001
0.126	0.120	0.882	0.001
0.147	0.112	0.879	0.001
0.120	0.045	0.876	0.000
0.069	0.001	0.873	0.000
0.052	0.016	0.871	0.000
0.072	0.052	0.868	0.000
0.085	0.056	0.866	0.000
0.068	0.024	0.863	0.000
0.041	0.000	0.860	0.000
0.037	0.013	0.857	0.000
0.056	0.045	0.853	0.000
0.073	0.063	0.849	0.000
0.072	0.061	0.846	0.000
0.065	0.062	0.842	0.000
0.072	0.082	0.838	0.000
0.178	0.113	0.834	0.000
0.295	0.132	0.830	0.000
0.323	0.134	0.824	0.000
0.250	0.136	0.818	0.001
0.169	0.158	0.811	0.001
0.177	0.204	0.803	0.001
0.271	0.258	0.794	0.001
0.358	0.307	0.785	0.001
0.427	0.352	0.775	0.001
0.472	0.417	0.764	0.001
0.536	0.522	0.752	0.001
0.610	0.666	0.739	0.001
0.684	0.820	0.726	0.001
0.717	0.951	0.712	0.001
0.709	1.046	0.698	0.001
0.684	1.130	0.683	0.001
0.690	1.242	0.668	0.002
0.725	1.397	0.652	0.002
0.771	1.564	0.635	0.002
0.812	1.706	0.617	0.002
0.825	1.818	0.599	0.002
0.801	1.943	0.580	0.002
0.770	2.129	0.560	0.002
0.769	2.368	0.539	0.002
0.815	2.598	0.518	0.002
0.886	2.768	0.496	0.002
0.942	2.892	0.474	0.002
0.991	3.038	0.451	0.003
1.040	3.248	0.428	0.003
1.102	3.490	0.405	0.003
1.164	3.659	0.382	0.003
1.214	3.706	0.358	0.003
1.261	3.620	0.333	0.003
1.312	3.443	0.309	0.003
1.367	3.281	0.284	0.003
1.402	3.295	0.259	0.003
1.458	3.595	0.235	0.003
1.556	4.156	0.211	0.003
1.645	4.731	0.188	0.003
1.661	5.096	0.168	0.003
1.599	5.212	0.152	0.003
1.526	5.213	0.142	0.003
1.508	5.224	0.141	0.003
1.541	5.249	0.149	0.003
1.558	5.224	0.166	0.004
1.516	5.122	0.189	0.004
1.440	4.980	0.216	0.004
1.372	4.852	0.246	0.003
1.333	4.747	0.276	0.003
1.302	4.632	0.308	0.003
1.258	4.475	0.340	0.003
1.209	4.270	0.372	0.003
1.166	4.043	0.404	0.003
1.152	3.845	0.436	0.003
1.137	3.709	0.468	0.003
1.098	3.619	0.499	0.003
1.037	3.521	0.529	0.003
0.981	3.371	0.558	0.003
0.944	3.188	0.585	0.003
0.921	3.026	0.611	0.003
0.899	2.918	0.635	0.003
0.871	2.840	0.659	0.003
0.857	2.746	0.681	0.003
0.893	2.617	0.701	0.003
0.924	2.482	0.721	0.003
0.922	2.361	0.739	0.003
0.857	2.252	0.757	0.002
0.801	2.142	0.774	0.002
0.757	2.034	0.790	0.002
0.714	1.941	0.805	0.002
0.643	1.866	0.818	0.002
0.550	1.791	0.831	0.002
0.472	1.694	0.844	0.002
0.434	1.569	0.856	0.002
0.433	1.426	0.867	0.002
0.434	1.266	0.878	0.002
0.414	1.143	0.887	0.002
0.376	1.143	0.894	0.002
0.340	1.284	0.902	0.002
0.315	1.438	0.910	0.002
0.295	1.404	0.917	0.002
0.275	1.110	0.924	0.002
0.254	0.721	0.930	0.002
0.236	0.466	0.936	0.002
0.219	0.420	0.942	0.001
0.202	0.472	0.947	0.001
0.185	0.470	0.951	0.001
0.172	0.382	0.955	0.001
0.167	0.293	0.957	0.001
0.166	0.276	0.960	0.001
0.162	0.304	0.961	0.001
0.154	0.308	0.961	0.001
0.147	0.267	0.961	0.001
0.149	0.229	0.961	0.001
0.157	0.239	0.961	0.001
0.164	0.287	0.961	0.001
0.165	0.326	0.961	0.001
0.165	0.332	0.961	0.001
0.168	0.329	0.961	0.001
0.176	0.351	0.961	0.001
0.185	0.404	0.962	0.001
0.194	0.459	0.962	0.001
0.213	0.493	0.961	0.001
0.244	0.512	0.961	0.001
0.287	0.534	0.961	0.001
0.338	0.567	0.961	0.001
0.389	0.600	0.960	0.001
0.449	0.624	0.959	0.001
0.525	0.649	0.958	0.001
0.627	0.692	0.956	0.001
0.750	0.757	0.954	0.001
0.876	0.826	0.952	0.001
0.986	0.882	0.950	0.001
1.078	0.927	0.948	0.001
1.161	0.981	0.945	0.001
1.244	1.060	0.942	0.002
1.327	1.158	0.940	0.002
1.405	1.256	0.937	0.002
1.526	1.351	0.933	0.002
1.947	1.455	0.930	0.002
2.380	1.573	0.926	0.002
2.526	1.686	0.923	0.002
2.331	1.764	0.919	0.002
2.038	1.801	0.915	0.002
1.979	1.825	0.911	0.002
2.212	1.867	0.907	0.002
2.480	1.936	0.902	0.002
2.535	2.009	0.898	0.002
2.452	2.050	0.894	0.002
2.498	2.051	0.890	0.002
2.870	2.042	0.886	0.002
3.427	2.060	0.882	0.002
3.906	2.115	0.877	0.002
4.209	2.173	0.873	0.002
4.385	2.188	0.868	0.002
4.552	2.164	0.864	0.002
4.747	2.155	0.859	0.002
4.946	2.223	0.854	0.002
5.108	2.385	0.850	0.002
5.248	2.603	0.845	0.002
5.378	2.832	0.840	0.002
5.485	3.073	0.835	0.003
5.527	3.348	0.831	0.003
5.502	3.674	0.826	0.003
5.473	4.036	0.822	0.003
5.495	4.422	0.818	0.003
5.550	4.849	0.814	0.003
5.573	5.342	0.810	0.003
5.521	5.897	0.806	0.003
5.446	6.463	0.802	0.004
5.434	6.972	0.799	0.004
5.531	7.416	0.796	0.004
5.676	7.864	0.794	0.004
5.846	8.421	0.792	0.004
6.096	9.151	0.791	0.004
6.512	10.029	0.790	0.005
7.133	11.005	0.791	0.005
7.857	12.078	0.791	0.005
8.490	13.316	0.793	0.005
8.935	14.797	0.795	0.005
9.260	16.508	0.798	0.006
9.615	18.338	0.801	0.006
10.081	20.196	0.804	0.006
10.564	22.026	0.808	0.007
10.890	23.731	0.812	0.007
10.979	25.136	0.816	0.007
10.915	26.066	0.820	0.007
10.819	26.601	0.825	0.008
10.730	26.947	0.829	0.008
10.574	27.186	0.834	0.008
10.304	27.303	0.839	0.008
9.977	27.362	0.844	0.008
9.698	27.562	0.849	0.008
9.506	28.059	0.853	0.008
9.311	28.569	0.857	0.008
9.021	28.557	0.862	0.008
8.581	27.675	0.866	0.008
8.041	26.070	0.870	0.008
7.466	24.228	0.875	0.008
6.899	22.545	0.879	0.008
6.412	21.018	0.883	0.008
6.077	19.404	0.887	0.007
5.925	17.566	0.890	0.007
5.793	15.644	0.894	0.007
5.726	13.907	0.897	0.006
5.650	12.525	0.900	0.006
5.526	11.505	0.903	0.006
5.331	10.796	0.905	0.006
5.109	10.356	0.908	0.005
4.895	10.136	0.910	0.005
4.693	9.990	0.912	0.005
4.476	9.697	0.914	0.005
4.226	9.116	0.916	0.005
3.962	8.310	0.918	0.005
3.696	7.510	0.919	0.005
3.452	6.903	0.921	0.004
3.206	6.477	0.922	0.004
2.934	6.072	0.923	0.004
2.683	5.589	0.924	0.004
2.496	5.107	0.925	0.004
2.349	4.787	0.926	0.004
2.187	4.692	0.927	0.004
1.993	4.727	0.928	0.004
1.823	4.740	0.928	0.003
1.726	4.664	0.929	0.003
1.688	4.548	0.930	0.003
1.644	4.471	0.931	0.003
1.560	4.465	0.931	0.003
1.488	4.509	0.932	0.003
1.477	4.574	0.933	0.003
1.523	4.646	0.934	0.003
1.604	4.730	0.934	0.003
1.699	4.841	0.935	0.003
1.817	4.993	0.935	0.003
1.969	5.190	0.935	0.003
2.140	5.418	0.935	0.004
2.281	5.650	0.935	0.004
2.352	5.877	0.935	0.004
2.351	6.117	0.935	0.004
2.330	6.406	0.934	0.004
2.332	6.785	0.933	0.004
2.366	7.250	0.932	0.004
2.404	7.734	0.931	0.004
2.473	8.148	0.930	0.004
2.580	8.452	0.928	0.004
2.699	8.679	0.927	0.004
2.773	8.864	0.925	0.004
2.762	8.984	0.924	0.005
2.710	8.981	0.922	0.005
2.693	8.904	0.920	0.005
2.757	8.929	0.918	0.005
2.851	9.175	0.916	0.005
2.879	9.543	0.913	0.005
2.802	9.771	0.911	0.005
2.696	9.691	0.908	0.005
2.626	9.429	0.905	0.005
2.620	9.259	0.902	0.005
2.626	9.315	0.899	0.005
2.572	9.482	0.895	0.005
2.465	9.558	0.892	0.005
2.353	9.499	0.889	0.005
2.288	9.448	0.886	0.005
2.252	9.547	0.883	0.005
2.147	9.736	0.879	0.005
2.006	9.793	0.876	0.005
1.876	9.527	0.873	0.005
1.815	8.963	0.870	0.005
1.814	8.305	0.867	0.005
1.795	7.751	0.865	0.005
1.679	7.338	0.863	0.004
1.522	6.949	0.861	0.004
1.369	6.461	0.859	0.004
1.240	5.875	0.858	0.004
1.121	5.297	0.857	0.004
1.020	4.820	0.857	0.004
0.958	4.441	0.856	0.004
0.949	4.096	0.856	0.003
0.955	3.734	0.856	0.003
0.943	3.359	0.857	0.003
0.923	2.992	0.857	0.003
0.902	2.677	0.858	0.003
0.852	2.478	0.859	0.003
0.761	2.412	0.861	0.003
0.650	2.379	0.862	0.003
0.570	2.231	0.864	0.002
0.562	1.911	0.866	0.002
0.596	1.534	0.868	0.002
0.642	1.267	0.870	0.002
0.664	1.163	0.872	0.002
0.667	1.129	0.875	0.002
0.691	1.054	0.877	0.002
0.725	0.913	0.880	0.002
0.755	0.767	0.883	0.002
0.763	0.660	0.886	0.001
0.751	0.574	0.889	0.001
0.732	0.472	0.892	0.001
0.720	0.356	0.896	0.001
0.722	0.267	0.899	0.001
0.730	0.229	0.902	0.001
0.735	0.217	0.906	0.001
0.733	0.189	0.909	0.001
0.726	0.144	0.912	0.001
0.720	0.117	0.915	0.001
0.713	0.140	0.918	0.001
0.708	0.199	0.920	0.001
0.708	0.252	0.923	0.001
0.708	0.269	0.925	0.001
0.697	0.260	0.928	0.001
0.669	0.244	0.930	0.001
0.629	0.226	0.932	0.001
0.592	0.193	0.934	0.001
0.572	0.143	0.935	0.001
0.559	0.096	0.936	0.001
0.541	0.074	0.937	0.001
0.508	0.081	0.938	0.001
0.478	0.095	0.939	0.001
0.464	0.100	0.940	0.001
0.468	0.100	0.940	0.000
0.472	0.113	0.941	0.001
0.462	0.139	0.941	0.001
0.439	0.154	0.942	0.001
0.411	0.141	0.942	0.001
0.392	0.118	0.943	0.001
0.374	0.120	0.943	0.001
0.355	0.165	0.943	0.001
0.334	0.233	0.943	0.001
0.322	0.297	0.943	0.001
0.316	0.350	0.943	0.001
0.305	0.402	0.942	0.001
0.277	0.455	0.941	0.001
0.235	0.493	0.941	0.001
0.204	0.496	0.940	0.001
0.187	0.467	0.939	0.001
0.182	0.427	0.938	0.001
0.180	0.395	0.938	0.001
0.177	0.387	0.936	0.001
0.179	0.405	0.935	0.001
0.192	0.435	0.933	0.001
0.212	0.443	0.932	0.001
0.230	0.403	0.930	0.001
0.241	0.326	0.928	0.001
0.244	0.256	0.926	0.001
0.242	0.231	0.923	0.001
0.235	0.243	0.921	0.001
0.224	0.258	0.918	0.001
0.215	0.242	0.915	0.001
0.218	0.198	0.912	0.001
0.228	0.150	0.909	0.001
0.233	0.119	0.905	0.001
0.234	0.104	0.900	0.001
0.229	0.091	0.895	0.001
0.222	0.075	0.889	0.001
0.217	0.060	0.883	0.000
0.222	0.054	0.878	0.000
0.233	0.061	0.872	0.000
0.239	0.073	0.867	0.000
0.233	0.084	0.861	0.000
0.224	0.091	0.855	0.000
0.216	0.093	0.849	0.000
0.210	0.090	0.844	0.000
0.206	0.081	0.839	0.000
0.199	0.067	0.835	0.000
0.194	0.054	0.832	0.000
0.192	0.045	0.829	0.000
0.209	0.043	0.827	0.000
0.227	0.049	0.825	0.000
0.234	0.057	0.824	0.000
0.228	0.063	0.823	0.000
0.225	0.069	0.823	0.000
0.240	0.088	0.823	0.000
0.269	0.126	0.823	0.000
0.293	0.189	0.824	0.001
0.295	0.264	0.825	0.001
0.286	0.310	0.827	0.001
0.277	0.289	0.828	0.001
0.271	0.206	0.829	0.001
0.255	0.115	0.830	0.001
0.226	0.074	0.831	0.001
0.211	0.090	0.833	0.001
0.239	0.118	0.834	0.001
0.300	0.117	0.835	0.001
0.373	0.084	0.836	0.000
0.448	0.052	0.836	0.000
0.512	0.044	0.837	0.000
0.557	0.049	0.838	0.000
0.568	0.044	0.839	0.000
0.549	0.025	0.839	0.000
0.485	0.008	0.839	0.000
0.385	0.009	0.839	0.000
0.288	0.026	0.839	0.000
0.228	0.049	0.839	0.000
0.208	0.074	0.837	0.000
0.205	0.112	0.835	0.000
0.201	0.165	0.833	0.000
0.185	0.217	0.832	0.001
0.162	0.246	0.830	0.001
0.147	0.245	0.829	0.001
0.139	0.222	0.827	0.001
0.125	0.192	0.825	0.001
0.104	0.161	0.822	0.001
0.089	0.129	0.819	0.001
0.081	0.096	0.817	0.001
0.075	0.068	0.815	0.001
0.067	0.045	0.813	0.000
0.058	0.029	0.810	0.000
0.065	0.017	0.806	0.000
0.083	0.012	0.800	0.000
0.097	0.016	0.792	0.000
0.102	0.030	0.786	0.000
0.105	0.048	0.779	0.000
0.115	0.063	0.774	0.000
0.134	0.079	0.769	0.000
0.153	0.099	0.764	0.000
0.166	0.120	0.760	0.000
0.176	0.137	0.756	0.000
0.205	0.143	0.753	0.001
0.230	0.146	0.751	0.001
0.251	0.152	0.749	0.001
0.256	0.166	0.747	0.001
0.264	0.180	0.745	0.001
0.275	0.192	0.742	0.001
0.293	0.199	0.738	0.001
0.318	0.205	0.735	0.001
0.337	0.210	0.730	0.001
0.335	0.215	0.726	0.001
0.316	0.225	0.722	0.001
0.296	0.240	0.718	0.001
0.283	0.261	0.714	0.001
0.298	0.281	0.711	0.001
0.313	0.292	0.708	0.001
0.301	0.286	0.707	0.001
0.259	0.260	0.706	0.001
0.217	0.219	0.706	0.001
0.194	0.174	0.705	0.001
0.193	0.134	0.705	0.001
0.189	0.104	0.704	0.001
0.164	0.085	0.704	0.001
0.136	0.073	0.703	0.001
0.142	0.061	0.703	0.000
0.185	0.045	0.702	0.000
0.218	0.029	0.702	0.000
0.212	0.020	0.702	0.000
0.188	0.020	0.703	0.000
0.177	0.027	0.704	0.000
0.194	0.033	0.705	0.000
0.224	0.036	0.706	0.000
0.241	0.040	0.707	0.000
0.256	0.050	0.709	0.000
0.273	0.067	0.714	0.000
0.293	0.085	0.719	0.000
0.302	0.098	0.727	0.000
0.294	0.102	0.734	0.000
0.274	0.098	0.740	0.000
0.257	0.098	0.745	0.000
0.250	0.113	0.750	0.001
0.247	0.151	0.756	0.001
0.248	0.214	0.763	0.001
0.256	0.283	0.770	0.001
0.264	0.333	0.775	0.001
0.262	0.349	0.779	0.001
0.248	0.339	0.781	0.001
0.229	0.333	0.783	0.001
0.215	0.347	0.786	0.001
0.212	0.371	0.789	0.001
0.214	0.386	0.791	0.001
0.214	0.382	0.793	0.001
0.210	0.373	0.794	0.001
0.208	0.369	0.794	0.001
0.211	0.367	0.795	0.001
0.215	0.350	0.795	0.001
0.212	0.314	0.794	0.001
0.194	0.275	0.793	0.001
0.165	0.257	0.791	0.001
0.140	0.268	0.789	0.001
0.125	0.302	0.788	0.001
0.127	0.338	0.787	0.001
0.143	0.347	0.787	0.001
0.166	0.313	0.786	0.001
0.207	0.245	0.785	0.001
0.263	0.168	0.785	0.001
0.340	0.115	0.785	0.001
0.382	0.097	0.785	0.001
0.357	0.109	0.783	0.001
0.290	0.143	0.779	0.001
0.255	0.209	0.774	0.001
0.285	0.326	0.768	0.001
0.357	0.497	0.762	0.001
0.419	0.696	0.756	0.001
0.450	0.885	0.752	0.001
0.479	1.045	0.748	0.001
0.536	1.169	0.746	0.001
0.614	1.254	0.745	0.001
0.684	1.290	0.744	0.002
0.729	1.279	0.743	0.002
0.768	1.245	0.741	0.002
0.837	1.207	0.739	0.002
0.905	1.166	0.739	0.002
0.914	1.122	0.739	0.002
0.817	1.080	0.740	0.002
0.650	1.051	0.741	0.002
0.492	1.040	0.741	0.002
0.401	1.031	0.741	0.002
0.358	0.993	0.742	0.002
0.308	0.895	0.743	0.002
0.230	0.730	0.746	0.001
0.156	0.532	0.750	0.001
0.123	0.357	0.755	0.001
0.130	0.246	0.760	0.001
0.147	0.199	0.763	0.001
0.149	0.184	0.765	0.001
0.144	0.166	0.765	0.001
0.149	0.135	0.766	0.001
0.168	0.107	0.769	0.001
0.192	0.098	0.772	0.001
0.215	0.105	0.774	0.001
0.232	0.108	0.776	0.001
0.242	0.098	0.778	0.000
0.257	0.087	0.780	0.000
0.282	0.083	0.783	0.000
0.304	0.086	0.786	0.000
0.311	0.082	0.788	0.000
0.303	0.068	0.790	0.000
0.287	0.056	0.792	0.000
0.269	0.060	0.794	0.000
0.245	0.080	0.797	0.000
0.217	0.103	0.799	0.000
0.200	0.117	0.802	0.000
0.210	0.131	0.804	0.000
0.246	0.165	0.807	0.001
0.284	0.221	0.810	0.001
0.301	0.277	0.813	0.001
0.280	0.302	0.816	0.001
0.235	0.285	0.818	0.001
0.195	0.246	0.820	0.001
0.186	0.213	0.822	0.001
0.194	0.204	0.823	0.001
0.198	0.209	0.825	0.001
0.192	0.209	0.826	0.001
0.177	0.196	0.827	0.001
0.151	0.177	0.828	0.001
0.123	0.159	0.829	0.001
0.097	0.141	0.831	0.001
0.083	0.115	0.832	0.001
0.084	0.082	0.833	0.001
0.102	0.052	0.834	0.001
0.129	0.037	0.836	0.000
0.154	0.041	0.837	0.000
0.170	0.054	0.839	0.000
0.186	0.060	0.841	0.000
0.196	0.054	0.843	0.000
0.201	0.047	0.844	0.000
0.207	0.059	0.846	0.000
0.220	0.103	0.848	0.000
0.232	0.165	0.849	0.000
0.235	0.210	0.849	0.000
0.222	0.210	0.849	0.001
0.203	0.177	0.848	0.001
0.184	0.146	0.848	0.001
0.172	0.152	0.849	0.001
0.169	0.191	0.851	0.001
0.178	0.236	0.853	0.001
0.203	0.268	0.855	0.001
0.232	0.279	0.857	0.001
0.245	0.270	0.858	0.001
0.238	0.250	0.858	0.001
0.222	0.231	0.859	0.001
0.215	0.230	0.859	0.001
0.217	0.255	0.859	0.001
0.222	0.290	0.859	0.001
0.231	0.322	0.858	0.001
0.253	0.346	0.858	0.001
0.273	0.364	0.857	0.001
0.279	0.379	0.856	0.001
0.272	0.388	0.854	0.001
0.262	0.386	0.851	0.001
0.265	0.377	0.847	0.001
0.276	0.362	0.844	0.001
0.275	0.343	0.841	0.001
0.250	0.326	0.838	0.001
0.213	0.312	0.835	0.001
0.193	0.298	0.833	0.001
0.218	0.278	0.832	0.001
0.272	0.252	0.832	0.001
0.318	0.228	0.833	0.001
0.332	0.221	0.835	0.001
0.323	0.238	0.836	0.001
0.306	0.278	0.836	0.001
0.305	0.334	0.837	0.001
0.336	0.394	0.836	0.001
0.391	0.449	0.835	0.001
0.447	0.499	0.834	0.001
0.464	0.558	0.832	0.001
0.432	0.627	0.829	0.001
0.376	0.681	0.826	0.001
0.323	0.679	0.822	0.001
0.286	0.600	0.817	0.001
0.255	0.469	0.812	0.001
0.228	0.339	0.806	0.001
0.217	0.253	0.801	0.001
0.236	0.230	0.796	0.001
0.286	0.266	0.789	0.001
0.341	0.330	0.782	0.001
0.385	0.382	0.774	0.001
0.415	0.391	0.766	0.001
0.448	0.367	0.760	0.001
0.497	0.352	0.754	0.001
0.570	0.378	0.750	0.001
0.631	0.428	0.746	0.001
0.660	0.453	0.746	0.001
0.672	0.435	0.747	0.001
0.712	0.419	0.750	0.001
0.798	0.483	0.752	0.001
0.908	0.651	0.752	0.001
0.998	0.854	0.751	0.001
1.047	0.997	0.750	0.001
1.062	1.055	0.750	0.001
1.100	1.105	0.750	0.001
1.206	1.249	0.750	0.002
1.378	1.506	0.750	0.002
1.597	1.787	0.751	0.002
1.819	1.984	0.753	0.002
2.033	2.079	0.756	0.002
2.264	2.161	0.760	0.002
2.577	2.351	0.766	0.002
3.009	2.681	0.773	0.002
3.556	3.054	0.780	0.002
4.175	3.341	0.788	0.003
4.911	3.522	0.795	0.003
5.876	3.738	0.801	0.003
7.182	4.191	0.809	0.003
8.917	4.984	0.816	0.003
11.024	5.966	0.823	0.003
13.449	6.846	0.830	0.004
16.434	7.481	0.836	0.004
20.578	8.059	0.841	0.004
27.037	8.894	0.845	0.004
36.833	10.080	0.850	0.004
48.799	11.278	0.856	0.005
60.229	12.096	0.862	0.005
68.475	12.469	0.870	0.005
71.882	12.662	0.877	0.005
71.003	13.076	0.885	0.005
66.766	14.399	0.891	0.006
60.387	17.553	0.896	0.006
52.637	23.085	0.899	0.007
45.396	30.467	0.902	0.007
41.325	37.938	0.904	0.008
42.109	43.856	0.904	0.009
46.775	48.168	0.904	0.009
51.313	52.314	0.902	0.010
52.107	57.186	0.899	0.011
49.582	62.709	0.897	0.011
47.927	67.492	0.894	0.012
50.556	69.738	0.891	0.012
56.982	68.352	0.887	0.012
64.569	63.709	0.883	0.012
70.337	57.073	0.879	0.012
73.415	50.515	0.875	0.012
73.774	45.700	0.871	0.012
71.087	43.532	0.866	0.011
64.899	44.111	0.862	0.011
55.889	46.728	0.858	0.011
45.739	50.083	0.854	0.011
37.923	53.001	0.850	0.011
34.760	55.134	0.846	0.011
35.333	57.323	0.841	0.011
36.715	60.725	0.835	0.012
36.301	65.348	0.829	0.012
33.620	69.334	0.823	0.012
30.093	70.511	0.817	0.012
26.975	68.657	0.811	0.012
24.290	65.343	0.805	0.012
21.862	62.111	0.800	0.012
19.798	59.144	0.795	0.012
18.586	56.001	0.791	0.012
18.364	52.909	0.786	0.012
18.607	50.769	0.782	0.012
18.613	49.900	0.777	0.011
18.104	49.352	0.771	0.011
18.425	47.673	0.766	0.011
18.962	44.240	0.761	0.011
18.463	39.917	0.757	0.010
16.476	36.129	0.754	0.010
14.118	33.516	0.750	0.010
12.805	31.636	0.747	0.009
12.879	29.699	0.743	0.009
13.263	27.400	0.740	0.009
12.871	25.244	0.736	0.008
11.829	23.450	0.733	0.008
11.100	21.822	0.730	0.008
11.145	20.310	0.728	0.008
11.393	19.366	0.725	0.007
11.124	19.427	0.723	0.007
10.314	20.189	0.721	0.007
9.536	20.450	0.718	0.007
9.234	19.499	0.715	0.007
9.227	17.704	0.712	0.007
9.068	15.993	0.710	0.007
8.620	14.875	0.707	0.006
8.163	14.122	0.704	0.006
8.027	13.289	0.701	0.006
8.186	12.321	0.698	0.006
8.297	11.531	0.695	0.006
8.145	11.024	0.692	0.006
7.825	10.573	0.689	0.005
7.641	10.005	0.687	0.005
7.722	9.509	0.684	0.005
7.906	9.425	0.681	0.005
7.956	9.831	0.678	0.005
7.902	10.408	0.676	0.005
7.923	10.844	0.673	0.005
8.098	11.099	0.671	0.005
8.179	11.294	0.669	0.005
7.997	11.426	0.667	0.005
7.663	11.372	0.665	0.005
7.377	11.101	0.663	0.005
7.297	10.791	0.661	0.005
7.375	10.673	0.660	0.005
7.478	10.783	0.658	0.005
7.613	10.959	0.656	0.005
7.768	11.029	0.655	0.005
8.087	10.929	0.653	0.005
8.472	10.677	0.652	0.005
8.790	10.316	0.651	0.005
8.971	9.934	0.650	0.005
8.996	9.710	0.649	0.005
9.022	9.826	0.648	0.005
9.225	10.329	0.647	0.005
9.808	11.068	0.646	0.005
10.361	11.841	0.645	0.005
10.518	12.610	0.644	0.005
10.347	13.534	0.644	0.005
10.245	14.720	0.643	0.006
10.535	16.123	0.642	0.006
11.073	17.634	0.642	0.006
11.424	19.232	0.641	0.006
11.331	20.930	0.641	0.007
11.051	22.637	0.642	0.007
11.036	24.202	0.643	0.007
11.396	25.654	0.646	0.007
11.999	27.193	0.649	0.008
12.526	28.905	0.652	0.008
12.837	30.504	0.655	0.008
12.988	31.486	0.658	0.008
13.233	31.588	0.662	0.008
13.600	31.047	0.667	0.008
14.003	30.342	0.672	0.009
14.290	29.748	0.677	0.009
14.269	29.239	0.682	0.009
13.553	28.720	0.688	0.008
12.159	28.186	0.695	0.008
10.683	27.645	0.702	0.008
10.105	26.808	0.709	0.008
10.629	25.236	0.715	0.008
11.770	23.092	0.721	0.008
12.851	21.156	0.727	0.008
13.648	20.076	0.733	0.007
14.396	19.593	0.740	0.007
15.241	18.704	0.748	0.007
15.980	16.916	0.755	0.007
16.346	15.111	0.763	0.007
16.318	14.491	0.771	0.006
16.195	15.116	0.779	0.006
16.295	15.732	0.786	0.006
16.493	15.157	0.794	0.006
16.730	13.605	0.801	0.006
16.730	12.418	0.807	0.006
16.366	12.446	0.813	0.006
15.625	13.242	0.818	0.006
14.656	13.780	0.822	0.006
13.767	13.668	0.826	0.006
13.130	13.414	0.829	0.006
12.637	13.642	0.831	0.006
12.076	14.364	0.833	0.006
11.522	15.142	0.834	0.006
11.175	15.712	0.836	0.006
11.196	16.271	0.836	0.006
11.251	17.155	0.837	0.006
11.098	18.459	0.836	0.006
10.815	20.061	0.836	0.007
10.718	21.906	0.834	0.007
11.093	24.109	0.833	0.007
11.822	26.779	0.830	0.007
12.489	29.744	0.828	0.008
12.803	32.538	0.825	0.008
12.820	34.692	0.821	0.008
12.767	36.023	0.818	0.009
12.676	36.696	0.814	0.009
12.427	37.005	0.811	0.009
11.965	37.091	0.807	0.009
11.395	36.886	0.804	0.009
11.015	36.272	0.801	0.009
10.813	35.272	0.798	0.009
10.612	34.073	0.794	0.009
10.228	32.847	0.791	0.009
9.729	31.637	0.788	0.009
9.225	30.416	0.785	0.009
8.800	29.271	0.782	0.009
8.424	28.421	0.778	0.009
8.062	27.989	0.775	0.008
7.725	27.794	0.772	0.008
7.506	27.473	0.769	0.008
7.282	26.768	0.767	0.008
6.944	25.687	0.764	0.008
6.499	24.370	0.762	0.008
6.048	22.851	0.761	0.008
5.682	21.037	0.760	0.008
5.463	18.906	0.759	0.007
5.449	16.679	0.758	0.007
5.698	14.670	0.757	0.007
6.177	13.124	0.757	0.006
6.721	11.736	0.758	0.006
7.082	9.865	0.758	0.006
7.108	7.213	0.759	0.005
6.789	4.486	0.759	0.005
6.219	3.098	0.760	0.004
5.529	4.024	0.761	0.004
4.822	6.285	0.762	0.004
4.131	7.553	0.764	0.004
3.437	6.306	0.765	0.003
2.851	3.449	0.767	0.003
2.408	1.161	0.768	0.003
2.111	0.678	0.770	0.003
1.896	1.342	0.772	0.003
1.705	1.734	0.775	0.002
1.514	1.301	0.777	0.002
1.353	0.686	0.779	0.002
1.358	0.824	0.782	0.002
1.416	1.370	0.784	0.002
1.397	1.409	0.788	0.001
1.302	0.664	0.791	0.001
1.220	-0.104	0.795	0.001
1.252	0.170	0.798	0.001
1.345	1.717	0.802	0.002
1.386	3.162	0.806	0.002
1.327	3.501	0.811	0.002
1.245	2.892	0.816	0.002
1.234	2.295	0.821	0.002
1.293	2.300	0.826	0.002
1.332	2.672	0.832	0.002
1.300	2.834	0.837	0.003
1.228	2.636	0.843	0.003
1.198	2.441	0.850	0.003
1.224	2.555	0.856	0.003
1.250	2.839	0.863	0.003
1.221	2.944	0.871	0.003
1.172	2.744	0.878	0.003
1.179	2.441	0.886	0.003
1.246	2.262	0.893	0.002
1.317	2.207	0.900	0.002
1.323	2.125	0.907	0.002
1.268	1.947	0.913	0.002
1.211	1.771	0.919	0.002
1.201	1.703	0.924	0.002
1.223	1.713	0.929	0.002
1.239	1.688	0.934	0.002
1.229	1.588	0.938	0.002
1.210	1.487	0.942	0.002
1.183	1.462	0.945	0.002
1.172	1.473	0.947	0.002
1.182	1.417	0.949	0.002
1.189	1.260	0.951	0.002
1.181	1.080	0.952	0.002
1.164	0.978	0.952	0.002
1.153	0.972	0.953	0.002
1.185	0.993	0.953	0.002
1.211	0.980	0.953	0.002
1.202	0.933	0.952	0.002
1.156	0.884	0.952	0.002
1.076	0.850	0.951	0.001
0.984	0.821	0.950	0.001
0.935	0.793	0.949	0.001
0.951	0.778	0.948	0.001
0.998	0.785	0.947	0.001
1.021	0.797	0.946	0.001
0.998	0.789	0.944	0.001
0.940	0.758	0.943	0.001
0.889	0.718	0.941	0.001
0.879	0.679	0.939	0.001
0.902	0.643	0.938	0.001
0.928	0.607	0.936	0.001
0.937	0.583	0.935	0.001
0.934	0.583	0.933	0.001
0.932	0.604	0.932	0.001
0.966	0.627	0.930	0.001
1.018	0.629	0.928	0.001
1.021	0.612	0.927	0.001
0.958	0.596	0.925	0.001
0.874	0.598	0.923	0.001
0.828	0.623	0.921	0.001
0.845	0.654	0.919	0.001
0.890	0.682	0.917	0.001
0.916	0.713	0.914	0.001
0.919	0.757	0.912	0.001
0.930	0.818	0.909	0.001
0.968	0.889	0.907	0.001
1.026	0.957	0.904	0.001
1.070	1.025	0.903	0.001
1.082	1.084	0.901	0.002
1.078	1.139	0.900	0.002
1.088	1.196	0.900	0.002
1.117	1.218	0.900	0.002
1.151	1.191	0.900	0.002
1.172	1.136	0.900	0.002
1.184	1.097	0.901	0.002
1.195	1.094	0.903	0.002
1.205	1.113	0.904	0.002
1.208	1.119	0.907	0.002
1.201	1.086	0.909	0.002
1.179	1.028	0.912	0.002
1.140	0.975	0.916	0.002
1.081	0.947	0.920	0.002
1.021	0.932	0.923	0.002
0.966	0.905	0.927	0.002
0.919	0.857	0.930	0.001
0.895	0.808	0.934	0.001
0.883	0.782	0.937	0.001
0.879	0.780	0.940	0.001
0.878	0.773	0.942	0.001
0.883	0.737	0.944	0.001
0.907	0.676	0.945	0.001
0.954	0.613	0.947	0.001
1.026	0.572	0.948	0.001
1.076	0.554	0.949	0.001
1.084	0.549	0.949	0.001
1.061	0.542	0.950	0.001
1.040	0.522	0.951	0.001
1.022	0.478	0.952	0.001
1.026	0.407	0.952	0.001
1.037	0.327	0.953	0.001
1.052	0.266	0.953	0.001
1.066	0.242	0.953	0.001
1.092	0.243	0.953	0.001
1.107	0.241	0.954	0.001
1.112	0.226	0.954	0.001
1.112	0.203	0.954	0.001
1.140	0.187	0.954	0.001
1.196	0.175	0.954	0.001
1.272	0.160	0.955	0.001
1.336	0.138	0.955	0.001
1.374	0.114	0.955	0.001
1.370	0.100	0.955	0.001
1.319	0.109	0.956	0.001
1.234	0.155	0.956	0.001
1.135	0.231	0.957	0.001
1.057	0.301	0.957	0.001
1.035	0.324	0.958	0.001
1.097	0.297	0.959	0.001
1.190	0.265	0.959	0.001
1.270	0.274	0.960	0.001
1.334	0.325	0.961	0.001
1.375	0.362	0.961	0.001
1.411	0.332	0.962	0.001
1.426	0.251	0.963	0.001
1.411	0.187	0.963	0.001
1.361	0.175	0.964	0.001
1.388	0.194	0.965	0.001
1.428	0.208	0.966	0.001
1.405	0.202	0.966	0.001
1.263	0.241	0.967	0.001
1.071	0.320	0.968	0.001
0.901	0.359	0.968	0.001
0.823	0.292	0.968	0.001
0.809	0.157	0.965	0.001
0.768	0.058	0.963	0.001
0.709	0.055	0.962	0.001
0.711	0.109	0.963	0.001
0.890	0.139	0.964	0.001
1.101	0.119	0.965	0.001
1.174	0.106	0.965	0.001
1.071	0.162	0.964	0.001
0.927	0.273	0.961	0.001
0.885	0.349	0.957	0.001
0.955	0.335	0.952	0.001
1.035	0.272	0.950	0.001
1.035	0.236	0.949	0.001
0.977	0.246	0.949	0.001
0.942	0.268	0.949	0.001
0.951	0.260	0.948	0.001
1.018	0.229	0.946	0.001
1.086	0.207	0.945	0.001
1.089	0.210	0.944	0.001
0.923	0.217	0.943	0.001
0.630	0.204	0.942	0.001
0.340	0.178	0.941	0.001
0.193	0.168	0.940	0.001
0.198	0.184	0.939	0.001
0.255	0.208	0.938	0.001
0.259	0.219	0.937	0.001
0.205	0.215	0.935	0.001
0.160	0.215	0.934	0.001
0.182	0.232	0.932	0.001
0.234	0.264	0.930	0.001
0.253	0.303	0.928	0.001
0.230	0.350	0.925	0.001
0.207	0.410	0.921	0.001
0.220	0.482	0.916	0.001
0.257	0.566	0.911	0.001
0.285	0.624	0.906	0.001
0.290	0.623	0.901	0.001
0.293	0.567	0.895	0.001
0.314	0.511	0.890	0.001
0.350	0.527	0.884	0.001
0.396	0.646	0.878	0.001
0.454	0.821	0.873	0.001
0.512	0.984	0.867	0.001
0.531	1.109	0.862	0.001
0.511	1.215	0.855	0.001
0.488	1.315	0.848	0.002
0.493	1.372	0.839	0.002
0.535	1.333	0.831	0.002
0.594	1.205	0.823	0.002
0.633	1.067	0.815	0.002
0.629	1.003	0.808	0.002
0.601	1.024	0.802	0.002
0.564	1.068	0.796	0.002
0.539	1.079	0.791	0.002
0.546	1.070	0.786	0.002
0.588	1.098	0.779	0.002
0.655	1.189	0.772	0.002
0.750	1.308	0.765	0.002
0.865	1.399	0.758	0.002
0.952	1.466	0.750	0.002
1.040	1.562	0.741	0.002
1.122	1.731	0.731	0.002
1.192	1.939	0.721	0.002
1.196	2.097	0.710	0.002
1.196	2.135	0.699	0.002
1.123	2.062	0.687	0.002
1.024	1.952	0.676	0.002
0.924	1.882	0.665	0.002
0.957	1.898	0.656	0.002
1.030	2.022	0.648	0.002
1.081	2.274	0.639	0.002
1.040	2.583	0.630	0.002
0.971	2.836	0.622	0.002
0.964	2.852	0.613	0.002
1.019	2.524	0.604	0.002
1.077	1.969	0.594	0.002
1.084	1.494	0.583	0.002
1.037	1.358	0.572	0.002
0.976	1.604	0.563	0.002
0.937	1.962	0.557	0.002
0.919	2.161	0.551	0.002
0.893	2.156	0.545	0.002
0.847	2.098	0.539	0.002
0.796	2.114	0.534	0.002
0.761	2.227	0.529	0.002
0.753	2.438	0.524	0.002
0.747	2.721	0.520	0.002
0.711	2.964	0.516	0.002
0.634	2.903	0.513	0.002
0.531	2.364	0.510	0.002
0.451	1.540	0.508	0.002
0.416	0.890	0.506	0.002
0.420	0.738	0.504	0.002
0.437	0.998	0.502	0.002
0.456	1.267	0.499	0.002
0.475	1.268	0.498	0.002
0.503	1.084	0.499	0.002
0.538	0.992	0.501	0.002
0.574	1.113	0.507	0.002
0.620	1.295	0.516	0.002
0.671	1.332	0.527	0.002
0.702	1.185	0.536	0.002
0.691	0.998	0.543	0.002
0.647	0.949	0.549	0.002
0.603	1.002	0.557	0.002
0.589	0.968	0.568	0.002
0.606	0.765	0.580	0.001
0.617	0.524	0.594	0.001
0.597	0.492	0.609	0.001
0.573	0.801	0.626	0.001
0.578	1.242	0.643	0.001
0.618	1.503	0.659	0.002
0.662	1.449	0.674	0.002
0.712	1.220	0.688	0.002
0.757	1.004	0.703	0.002
0.807	0.811	0.719	0.002
0.832	0.567	0.736	0.001
0.764	0.349	0.753	0.001
0.659	0.349	0.770	0.001
0.576	0.602	0.784	0.001
0.516	0.997	0.795	0.001
0.457	1.260	0.804	0.001
0.390	1.285	0.811	0.001
0.331	1.229	0.818	0.002
0.303	1.138	0.823	0.002
0.310	1.047	0.825	0.002
0.318	0.930	0.827	0.002
0.305	0.728	0.828	0.001
0.286	0.496	0.829	0.001
0.289	0.328	0.831	0.001
0.313	0.332	0.831	0.001
0.343	0.620	0.831	0.001
0.358	1.040	0.830	0.001
0.363	1.320	0.831	0.001
0.361	1.301	0.832	0.001
0.370	1.074	0.833	0.001
0.381	0.867	0.835	0.001
0.390	0.840	0.837	0.002
0.394	0.962	0.840	0.002
0.397	1.091	0.843	0.002
0.406	1.152	0.846	0.002
0.422	1.173	0.849	0.002
0.418	1.195	0.852	0.002
0.408	1.201	0.854	0.002
0.407	1.150	0.857	0.002
0.412	1.045	0.861	0.002
0.411	0.938	0.863	0.002
0.395	0.879	0.865	0.002
0.362	0.863	0.865	0.002
0.321	0.851	0.866	0.002
0.286	0.816	0.866	0.001
0.262	0.763	0.866	0.001
0.253	0.700	0.865	0.001
0.244	0.629	0.863	0.001
0.226	0.553	0.861	0.001
0.207	0.482	0.860	0.001
0.196	0.427	0.860	0.001
0.198	0.389	0.860	0.001
0.205	0.355	0.859	0.001
0.209	0.317	0.858	0.001
0.207	0.286	0.857	0.001
0.216	0.276	0.857	0.001
0.245	0.284	0.858	0.001
0.323	0.294	0.858	0.001
0.391	0.288	0.859	0.001
0.400	0.279	0.859	0.001
0.357	0.288	0.859	0.001
0.325	0.321	0.858	0.001
0.343	0.357	0.856	0.001
0.401	0.368	0.854	0.001
0.453	0.353	0.852	0.001
0.466	0.340	0.850	0.001
0.445	0.351	0.848	0.001
0.421	0.385	0.846	0.001
0.417	0.425	0.846	0.001
0.436	0.456	0.846	0.001
0.461	0.471	0.847	0.001
0.454	0.461	0.847	0.001
0.396	0.426	0.846	0.001
0.302	0.382	0.845	0.001
0.228	0.363	0.844	0.001
0.224	0.389	0.844	0.001
0.285	0.453	0.843	0.001
0.350	0.518	0.843	0.001
0.357	0.538	0.843	0.001
0.296	0.495	0.843	0.001
0.232	0.415	0.842	0.001
0.213	0.352	0.841	0.001
0.244	0.342	0.840	0.001
0.285	0.376	0.838	0.001
0.299	0.411	0.837	0.001
0.280	0.414	0.836	0.001
0.277	0.390	0.836	0.001
0.291	0.389	0.837	0.001
0.306	0.469	0.838	0.001
0.327	0.661	0.839	0.001
0.372	0.910	0.839	0.001
0.427	1.024	0.837	0.001
0.450	0.944	0.835	0.001
0.410	0.756	0.833	0.001
0.328	0.613	0.830	0.001
0.273	0.586	0.827	0.001
0.294	0.632	0.825	0.001
0.369	0.675	0.823	0.001
0.442	0.700	0.821	0.001
0.464	0.738	0.819	0.001
0.437	0.781	0.817	0.001
0.392	0.775	0.816	0.001
0.362	0.691	0.815	0.001
0.359	0.573	0.812	0.001
0.360	0.496	0.807	0.001
0.347	0.494	0.802	0.001
0.314	0.530	0.796	0.001
0.278	0.545	0.791	0.001
0.263	0.516	0.786	0.001
0.274	0.460	0.781	0.001
0.285	0.403	0.776	0.001
0.275	0.356	0.773	0.001
0.246	0.314	0.772	0.001
0.228	0.281	0.772	0.001
0.236	0.261	0.772	0.001
0.256	0.255	0.774	0.001
0.262	0.253	0.776	0.001
0.242	0.240	0.779	0.001
0.215	0.212	0.782	0.001
0.208	0.179	0.786	0.001
0.232	0.153	0.790	0.001
0.274	0.147	0.795	0.001
0.322	0.170	0.800	0.001
0.362	0.219	0.805	0.001
0.381	0.269	0.811	0.001
0.379	0.292	0.816	0.001
0.368	0.281	0.821	0.001
0.369	0.252	0.826	0.001
0.379	0.230	0.831	0.001
0.389	0.224	0.835	0.001
0.378	0.222	0.839	0.001
0.390	0.205	0.844	0.001
0.406	0.198	0.849	0.001
0.400	0.219	0.855	0.001
0.363	0.314	0.860	0.001
0.317	0.530	0.864	0.001
0.291	0.697	0.869	0.001
0.292	0.718	0.873	0.001
0.297	0.586	0.877	0.001
0.299	0.453	0.880	0.001
0.306	0.391	0.883	0.001
0.323	0.396	0.885	0.001
0.376	0.364	0.887	0.001
0.424	0.377	0.889	0.001
0.444	0.548	0.891	0.001
0.428	0.753	0.895	0.001
0.399	0.730	0.897	0.001
0.375	0.425	0.899	0.001
0.366	0.054	0.898	0.001
0.369	-0.107	0.897	0.001
0.374	-0.006	0.897	0.001
0.386	0.160	0.897	0.001
0.406	0.192	0.896	0.001
0.434	0.101	0.896	0.000
0.481	0.039	0.895	0.000
0.535	0.087	0.895	0.000
0.564	0.177	0.896	0.001
0.582	0.203	0.896	0.001
0.586	0.163	0.897	0.001
0.584	0.129	0.898	0.001
0.573	0.140	0.900	0.001
0.556	0.162	0.902	0.001
0.562	0.149	0.905	0.001
0.591	0.114	0.908	0.001
0.629	0.112	0.911	0.001
0.643	0.161	0.914	0.001
0.635	0.224	0.917	0.001
0.612	0.252	0.920	0.001
0.574	0.238	0.922	0.001
0.517	0.215	0.924	0.001
0.452	0.211	0.925	0.001
0.402	0.223	0.926	0.001
0.379	0.234	0.928	0.001
0.383	0.243	0.929	0.001
0.390	0.268	0.930	0.001
0.376	0.317	0.930	0.001
0.351	0.380	0.930	0.001
0.349	0.438	0.928	0.001
0.363	0.478	0.926	0.001
0.365	0.488	0.923	0.001
0.345	0.455	0.920	0.001
0.311	0.377	0.917	0.001
0.286	0.279	0.913	0.001
0.278	0.204	0.909	0.001
0.272	0.176	0.905	0.001
0.265	0.195	0.901	0.001
0.273	0.238	0.898	0.001
0.332	0.291	0.896	0.001
0.408	0.347	0.894	0.001
0.457	0.393	0.892	0.001
0.458	0.393	0.890	0.001
0.411	0.339	0.887	0.001
0.357	0.285	0.884	0.001
0.340	0.272	0.882	0.001
0.368	0.280	0.881	0.001
0.421	0.274	0.880	0.001
0.465	0.234	0.879	0.001
0.474	0.183	0.877	0.001
0.465	0.159	0.874	0.001
0.452	0.168	0.871	0.001
0.435	0.184	0.868	0.001
0.408	0.187	0.866	0.001
0.372	0.186	0.865	0.001
0.333	0.202	0.865	0.001
0.310	0.229	0.866	0.001
0.318	0.247	0.868	0.001
0.348	0.244	0.872	0.001
0.378	0.228	0.876	0.001
0.389	0.220	0.881	0.001
0.374	0.215	0.885	0.001
0.345	0.213	0.887	0.001
0.323	0.218	0.889	0.001
0.337	0.231	0.890	0.001
0.365	0.241	0.891	0.001
0.377	0.229	0.891	0.001
0.359	0.190	0.891	0.001
0.332	0.150	0.890	0.001
0.319	0.140	0.891	0.001
0.327	0.170	0.892	0.001
0.336	0.216	0.893	0.001
0.331	0.245	0.894	0.001
0.316	0.254	0.894	0.001
0.307	0.257	0.894	0.001
0.315	0.267	0.894	0.001
0.330	0.277	0.894	0.001
0.338	0.269	0.893	0.001
0.350	0.238	0.893	0.001
0.367	0.200	0.892	0.001
0.379	0.184	0.892	0.001
0.392	0.213	0.891	0.001
0.401	0.280	0.890	0.001
0.416	0.348	0.889	0.001
0.425	0.381	0.888	0.001
0.431	0.380	0.887	0.001
0.436	0.352	0.886	0.001
0.442	0.334	0.886	0.001
0.475	0.350	0.885	0.001
0.519	0.405	0.886	0.002
0.547	0.503	0.886	0.002
0.534	0.641	0.887	0.002
0.598	0.682	0.887	0.002
0.674	0.588	0.887	0.002
0.714	0.447	0.886	0.002
0.681	0.418	0.884	0.002
0.628	0.564	0.882	0.002
0.639	0.802	0.879	0.001
0.752	0.973	0.877	0.001
0.911	1.015	0.875	0.001
1.042	1.004	0.873	0.001
1.120	1.049	0.870	0.001
1.189	1.158	0.865	0.002
1.312	1.243	0.858	0.002
1.485	1.242	0.851	0.002
1.621	1.198	0.843	0.002
1.683	1.214	0.837	0.002
1.679	1.322	0.830	0.002
1.669	1.452	0.822	0.002
1.679	1.517	0.814	0.002
1.708	1.518	0.807	0.002
1.720	1.528	0.802	0.002
1.743	1.600	0.797	0.002
1.790	1.720	0.793	0.002
1.866	1.854	0.787	0.002
1.999	1.997	0.782	0.002
2.188	2.164	0.777	0.002
2.464	2.355	0.772	0.002
2.806	2.569	0.766	0.002
3.213	2.872	0.760	0.002
3.709	3.360	0.754	0.003
4.314	4.066	0.746	0.003
5.010	4.885	0.735	0.003
5.886	5.652	0.720	0.003
7.118	6.317	0.701	0.003
8.638	6.975	0.679	0.004
10.178	7.739	0.656	0.004
11.549	8.668	0.631	0.004
12.769	9.777	0.604	0.004
14.029	11.128	0.577	0.005
15.451	12.836	0.551	0.005
16.962	15.033	0.526	0.005
18.372	17.766	0.502	0.006
19.819	20.999	0.480	0.006
21.657	24.640	0.461	0.007
24.060	28.589	0.446	0.007
26.910	32.790	0.435	0.008
30.128	37.334	0.431	0.008
33.589	42.422	0.432	0.009
37.858	48.219	0.440	0.010
43.911	54.621	0.453	0.010
51.168	61.177	0.470	0.011
58.543	67.569	0.489	0.011
64.773	74.040	0.508	0.012
69.542	80.810	0.528	0.013
72.428	87.451	0.550	0.013
74.780	93.085	0.572	0.014
78.071	96.460	0.596	0.014
82.377	97.417	0.619	0.015
86.839	97.348	0.642	0.015
92.016	98.193	0.663	0.015
100.386	100.992	0.683	0.015
114.574	105.281	0.701	0.016
134.128	109.954	0.718	0.016
154.822	115.492	0.734	0.016
170.404	122.938	0.749	0.016
178.477	131.990	0.764	0.017
181.276	140.513	0.777	0.017
183.027	147.276	0.789	0.018
184.250	154.488	0.801	0.018
183.324	166.010	0.811	0.019
180.609	182.494	0.820	0.020
179.254	199.160	0.828	0.020
182.138	210.254	0.834	0.021
184.772	215.185	0.838	0.022
179.598	219.312	0.842	0.022
170.734	228.594	0.845	0.023
170.474	244.883	0.847	0.023
185.190	267.133	0.847	0.024
206.771	294.099	0.846	0.025
221.502	324.500	0.845	0.026
224.714	354.744	0.843	0.027
224.560	379.690	0.842	0.028
227.297	395.419	0.841	0.029
229.537	399.712	0.840	0.029
224.575	390.997	0.839	0.030
211.802	369.501	0.838	0.030
197.072	339.950	0.838	0.030
186.638	314.217	0.837	0.029
179.851	304.806	0.837	0.029
172.461	315.767	0.836	0.029
163.175	339.824	0.836	0.029
154.071	366.196	0.835	0.029
148.592	389.662	0.834	0.029
147.301	409.521	0.832	0.030
146.784	421.750	0.830	0.030
145.288	416.613	0.828	0.030
143.346	386.443	0.827	0.030
143.203	335.530	0.827	0.030
145.726	278.855	0.827	0.029
149.975	230.467	0.828	0.027
153.032	195.815	0.829	0.026
151.842	172.835	0.830	0.024
145.854	157.778	0.832	0.023
135.397	147.814	0.834	0.022
121.212	141.113	0.835	0.020
103.511	136.135	0.836	0.020
83.510	131.791	0.837	0.019
64.026	127.279	0.838	0.018
49.443	121.758	0.839	0.018
42.138	114.647	0.839	0.017
40.201	106.603	0.839	0.017
38.948	98.505	0.838	0.016
34.803	90.631	0.838	0.016
29.042	82.425	0.838	0.015
24.686	73.425	0.837	0.015
23.132	64.232	0.837	0.014
22.201	56.453	0.836	0.013
19.796	51.363	0.835	0.013
15.967	48.501	0.834	0.012
12.715	45.819	0.833	0.011
11.194	41.445	0.831	0.011
10.612	35.191	0.830	0.010
9.530	28.444	0.828	0.010
7.578	22.753	0.826	0.009
5.753	18.675	0.825	0.008
4.912	15.794	0.823	0.008
4.944	13.340	0.821	0.007
4.882	10.918	0.820	0.006
4.240	8.690	0.818	0.006
3.464	7.006	0.815	0.005
3.211	5.990	0.812	0.005
3.638	5.411	0.809	0.004
4.335	4.925	0.805	0.004
4.876	4.428	0.801	0.004
5.265	4.124	0.797	0.004
5.754	4.273	0.792	0.003
6.589	4.951	0.786	0.003
7.691	5.988	0.780	0.004
8.746	7.163	0.774	0.004
9.544	8.437	0.767	0.004
10.207	9.929	0.760	0.004
11.035	11.695	0.752	0.005
12.216	13.753	0.744	0.005
13.635	16.191	0.735	0.005
15.003	19.289	0.727	0.006
16.118	23.325	0.717	0.007
16.945	28.222	0.708	0.007
17.583	33.536	0.698	0.008
18.338	38.754	0.688	0.008
19.593	43.760	0.677	0.009
21.237	48.945	0.667	0.010
22.710	54.868	0.656	0.010
23.619	61.720	0.645	0.011
24.095	69.019	0.635	0.012
24.508	75.667	0.624	0.012
24.949	80.389	0.614	0.013
25.144	82.269	0.603	0.013
25.280	81.203	0.593	0.013
24.997	77.912	0.582	0.013
24.772	73.345	0.571	0.013
25.330	68.103	0.561	0.013
26.877	62.372	0.551	0.013
28.457	56.343	0.540	0.013
29.336	50.591	0.530	0.012
29.574	45.832	0.520	0.012
30.198	42.336	0.511	0.011
31.846	39.731	0.501	0.011
34.134	37.408	0.491	0.010
35.781	35.091	0.481	0.010
36.225	32.996	0.470	0.010
35.922	31.510	0.459	0.009
35.485	30.789	0.448	0.009
34.877	30.621	0.436	0.009
33.686	30.548	0.426	0.009
31.434	30.223	0.416	0.009
28.579	29.770	0.408	0.009
25.761	29.544	0.401	0.009
23.041	29.700	0.394	0.009
20.368	30.022	0.389	0.009
17.770	30.177	0.383	0.009
15.634	30.128	0.378	0.009
14.459	30.155	0.373	0.009
14.394	30.299	0.369	0.009
14.986	30.344	0.367	0.009
15.666	30.343	0.367	0.009
16.022	30.724	0.369	0.009
16.124	31.852	0.373	0.009
16.001	33.501	0.381	0.009
16.096	34.941	0.390	0.009
16.799	35.746	0.402	0.009
17.789	36.210	0.417	0.009
18.371	36.746	0.435	0.009
18.161	37.202	0.454	0.009
17.533	36.925	0.473	0.009
17.120	35.553	0.495	0.009
17.613	33.544	0.517	0.009
18.734	31.840	0.541	0.009
19.251	31.011	0.566	0.009
18.517	30.784	0.590	0.009
16.835	30.423	0.613	0.009
15.301	29.428	0.636	0.009
15.011	27.845	0.657	0.008
15.883	26.120	0.677	0.008
17.202	24.726	0.696	0.008
18.563	23.962	0.714	0.008
20.193	23.947	0.731	0.008
22.451	24.607	0.747	0.008
25.103	25.675	0.763	0.008
27.510	26.802	0.777	0.008
29.207	27.675	0.791	0.008
30.205	28.212	0.802	0.008
30.730	28.678	0.813	0.008
30.893	29.630	0.823	0.008
30.882	31.060	0.833	0.008
30.395	32.258	0.842	0.008
29.008	32.588	0.850	0.009
26.692	32.373	0.857	0.009
23.948	32.862	0.862	0.009
21.476	35.020	0.867	0.009
19.967	38.393	0.871	0.009
19.463	41.821	0.874	0.009
19.738	44.692	0.877	0.010
20.759	47.551	0.879	0.010
22.274	51.255	0.880	0.010
23.729	55.850	0.881	0.011
24.718	60.875	0.881	0.011
25.391	66.168	0.881	0.012
26.068	71.994	0.880	0.012
27.041	78.451	0.879	0.013
27.960	84.682	0.878	0.013
28.420	89.321	0.877	0.014
28.259	91.630	0.876	0.014
27.659	91.651	0.875	0.014
27.152	90.020	0.873	0.014
26.835	87.507	0.872	0.014
26.612	84.464	0.870	0.014
26.369	80.555	0.869	0.014
26.350	75.099	0.868	0.014
26.742	67.661	0.867	0.014
27.417	58.823	0.865	0.013
27.791	50.090	0.865	0.012
27.775	43.008	0.864	0.012
27.731	38.200	0.863	0.011
28.249	35.159	0.862	0.011
29.337	32.333	0.861	0.010
30.254	28.608	0.860	0.009
30.247	24.285	0.859	0.009
29.296	20.822	0.858	0.008
28.301	19.401	0.858	0.008
27.276	19.697	0.857	0.008
25.540	20.063	0.856	0.007
22.594	19.403	0.856	0.007
18.768	18.147	0.855	0.007
15.257	17.533	0.856	0.007
13.054	18.004	0.856	0.007
12.159	18.703	0.857	0.007
11.511	18.491	0.857	0.007
10.267	17.275	0.859	0.007
8.641	15.986	0.860	0.006
7.493	15.492	0.862	0.006
7.176	15.782	0.864	0.006
7.303	16.210	0.866	0.006
7.256	16.339	0.869	0.006
6.995	16.342	0.872	0.006
6.817	16.622	0.876	0.006
6.941	17.252	0.879	0.006
7.233	17.936	0.882	0.006
7.380	18.406	0.885	0.006
7.328	18.722	0.889	0.007
7.269	19.112	0.892	0.007
7.313	19.643	0.895	0.007
7.456	20.141	0.898	0.007
7.591	20.469	0.901	0.007
7.746	20.725	0.904	0.007
8.008	21.123	0.907	0.007
8.362	21.688	0.910	0.007
8.666	22.150	0.913	0.007
8.875	22.235	0.916	0.007
9.013	21.959	0.919	0.007
9.188	21.604	0.922	0.007
9.410	21.410	0.925	0.007
9.678	21.321	0.928	0.007
10.144	21.081	0.931	0.007
10.644	20.504	0.934	0.007
10.947	19.609	0.938	0.007
11.561	18.552	0.941	0.007
12.157	17.479	0.944	0.007
12.462	16.464	0.947	0.007
12.631	15.542	0.950	0.006
13.250	14.756	0.952	0.006
14.962	14.139	0.954	0.006
18.934	13.693	0.956	0.006
23.052	13.347	0.958	0.006
25.091	13.090	0.959	0.006
24.372	13.135	0.961	0.006
23.233	13.524	0.962	0.006
23.296	13.928	0.963	0.006
24.177	13.148	0.963	0.005
24.178	10.504	0.964	0.005
22.523	6.897	0.964	0.005
20.346	4.317	0.964	0.005
19.236	4.124	0.964	0.004
18.904	5.753	0.963	0.004
17.938	7.500	0.962	0.004
15.804	8.407	0.960	0.004
13.504	8.599	0.957	0.004
12.737	8.514	0.953	0.004
13.419	8.283	0.949	0.004
14.942	7.985	0.945	0.004
15.700	8.130	0.940	0.005
15.481	9.205	0.935	0.005
14.964	11.176	0.930	0.005
15.289	13.530	0.925	0.005
16.150	15.793	0.920	0.005
17.050	17.817	0.915	0.006
17.324	19.583	0.911	0.006
16.998	20.848	0.908	0.006
16.519	21.365	0.905	0.007
16.310	21.261	0.902	0.007
16.690	20.972	0.899	0.007
17.458	20.757	0.896	0.007
18.256	20.387	0.893	0.007
19.137	19.435	0.890	0.007
21.091	17.900	0.887	0.007
23.188	16.294	0.884	0.007
24.556	15.163	0.881	0.007
24.155	14.567	0.877	0.006
22.186	14.095	0.873	0.006
19.722	13.376	0.868	0.006
17.620	12.434	0.863	0.006
15.736	11.536	0.857	0.006
14.221	10.818	0.851	0.005
12.477	10.146	0.845	0.005
10.399	9.353	0.838	0.005
8.315	8.498	0.830	0.005
6.752	7.792	0.822	0.005
5.973	7.371	0.814	0.005
5.674	7.151	0.806	0.004
5.294	6.941	0.798	0.004
4.523	6.668	0.790	0.004
3.616	6.432	0.782	0.004
2.933	6.341	0.775	0.004
2.626	6.359	0.768	0.004
2.546	6.336	0.760	0.004
2.539	6.173	0.753	0.004
2.698	5.904	0.746	0.004
3.250	5.608	0.739	0.004
4.307	5.302	0.733	0.004
6.289	4.974	0.727	0.004
8.396	4.657	0.721	0.004
10.286	4.418	0.716	0.003
11.413	4.253	0.711	0.003
11.832	4.078	0.708	0.003
11.946	3.831	0.705	0.003
12.133	3.538	0.702	0.003
12.382	3.291	0.700	0.003
12.348	3.103	0.698	0.003
11.804	2.858	0.696	0.003
10.823	2.452	0.695	0.003
9.747	1.936	0.694	0.003
8.779	1.505	0.694	0.002
7.879	1.327	0.694	0.002
6.909	1.338	0.695	0.002
5.874	1.325	0.696	0.002
4.916	1.152	0.697	0.002
4.138	0.885	0.699	0.002
3.538	0.686	0.701	0.002
3.060	0.632	0.704	0.002
2.589	0.658	0.708	0.001
2.109	0.657	0.712	0.001
1.635	0.603	0.716	0.001
1.182	0.549	0.720	0.001
0.779	0.538	0.724	0.001
0.470	0.555	0.729	0.001
0.305	0.559	0.734	0.001
0.246	0.540	0.739	0.001
0.222	0.521	0.745	0.001
0.184	0.520	0.751	0.001
0.139	0.524	0.758	0.001
0.122	0.515	0.765	0.001
0.140	0.492	0.773	0.001
0.175	0.468	0.780	0.001
0.182	0.444	0.788	0.001
0.149	0.416	0.795	0.001
0.103	0.380	0.803	0.001
0.074	0.342	0.812	0.001
0.066	0.312	0.821	0.001
0.065	0.287	0.830	0.001
0.058	0.261	0.839	0.001
0.046	0.233	0.850	0.001
0.038	0.210	0.860	0.001
0.037	0.198	0.870	0.001
0.038	0.199	0.880	0.001
0.037	0.202	0.890	0.001
0.038	0.199	0.899	0.001
0.043	0.188	0.907	0.001
0.050	0.171	0.913	0.001
0.050	0.149	0.918	0.001
0.042	0.128	0.922	0.001
0.032	0.114	0.925	0.001
0.027	0.106	0.927	0.001
0.028	0.101	0.928	0.001
0.031	0.093	0.927	0.001
0.029	0.082	0.927	0.000
0.027	0.075	0.926	0.000
0.027	0.075	0.926	0.000
0.031	0.080	0.926	0.000
0.037	0.087	0.925	0.000
0.041	0.094	0.924	0.000
0.045	0.102	0.923	0.000
0.049	0.113	0.922	0.000
0.054	0.125	0.921	0.001
0.059	0.137	0.919	0.001
0.064	0.150	0.918	0.001
0.071	0.164	0.917	0.001
0.080	0.178	0.917	0.001
0.089	0.186	0.917	0.001
0.097	0.186	0.918	0.001
0.100	0.176	0.919	0.001
0.101	0.160	0.920	0.001
0.102	0.144	0.922	0.001
0.104	0.133	0.924	0.001
0.102	0.124	0.927	0.001
0.092	0.115	0.930	0.001
0.075	0.103	0.933	0.001
0.057	0.089	0.935	0.001
0.044	0.077	0.937	0.000
0.039	0.070	0.937	0.000
0.036	0.068	0.937	0.000
0.032	0.071	0.937	0.000
0.026	0.075	0.936	0.000
0.023	0.079	0.934	0.000
0.024	0.080	0.933	0.000
0.028	0.078	0.931	0.000
0.029	0.074	0.928	0.000
0.026	0.070	0.926	0.000
0.024	0.066	0.924	0.000
0.027	0.061	0.922	0.000
0.032	0.055	0.919	0.000
0.035	0.049	0.917	0.000
0.033	0.043	0.914	0.000
0.027	0.038	0.912	0.000
0.023	0.035	0.910	0.000
0.022	0.035	0.908	0.000
0.023	0.035	0.906	0.000
0.023	0.035	0.905	0.000
0.022	0.033	0.905	0.000
0.023	0.031	0.906	0.000
