0.006	0.000	0.000	0.000
0.018	0.000	0.000	0.000
0.029	0.000	0.000	0.000
0.036	0.001	0.000	0.000
0.036	0.005	0.000	0.000
0.034	0.020	0.000	0.000
0.032	0.049	0.000	0.000
0.032	0.084	0.000	0.000
0.030	0.114	0.000	0.000
0.029	0.131	0.000	0.000
0.028	0.137	0.000	0.000
0.029	0.141	0.000	0.000
0.033	0.149	0.000	0.000
0.037	0.154	0.000	0.000
0.037	0.146	0.000	0.001
0.034	0.124	0.000	0.001
0.030	0.099	0.000	0.001
0.028	0.083	0.000	0.001
0.030	0.078	0.000	0.000
0.033	0.073	0.000	0.000
0.032	0.063	0.000	0.000
0.029	0.050	0.000	0.000
0.024	0.041	0.000	0.000
0.020	0.043	0.000	0.000
0.019	0.049	0.000	0.000
0.019	0.050	0.000	0.000
0.019	0.043	0.000	0.000
0.018	0.032	0.000	0.000
0.015	0.024	0.000	0.000
0.012	0.021	0.000	0.000
0.009	0.020	0.000	0.000
0.008	0.019	0.000	0.000
0.009	0.019	0.000	0.000
0.009	0.019	0.000	0.000
0.009	0.019	0.000	0.000
0.007	0.019	0.000	0.000
0.006	0.018	0.000	0.000
0.006	0.015	0.000	0.000
0.007	0.013	0.000	0.000
0.008	0.010	0.000	0.000
0.008	0.009	0.000	0.000
0.009	0.009	0.000	0.000
0.010	0.010	0.000	0.000
0.010	0.013	0.000	0.000
0.009	0.015	0.000	0.000
0.007	0.016	0.000	0.000
0.006	0.015	0.000	0.000
0.006	0.014	0.000	0.000
0.007	0.015	0.000	0.000
0.007	0.018	0.000	0.000
0.008	0.023	0.000	0.000
0.009	0.029	0.000	0.000
0.010	0.035	0.000	0.000
0.011	0.038	0.000	0.000
0.011	0.037	0.000	0.000
0.010	0.034	0.000	0.000
0.010	0.032	0.000	0.000
0.011	0.033	0.000	0.000
0.014	0.034	0.000	0.000
0.018	0.036	0.000	0.000
0.022	0.038	0.000	0.000
0.022	0.041	0.000	0.000
0.019	0.040	0.000	0.000
0.016	0.034	0.000	0.000
0.016	0.027	0.000	0.000
0.020	0.023	0.000	0.000
0.023	0.026	0.000	0.000
0.020	0.035	0.000	0.000
0.013	0.039	0.000	0.000
0.009	0.034	0.000	0.000
0.009	0.024	0.000	0.000
0.012	0.020	0.000	0.000
0.012	0.026	0.000	0.000
0.009	0.040	0.000	0.000
0.005	0.054	0.000	0.000
0.004	0.061	0.000	0.000
0.007	0.060	0.000	0.000
0.009	0.054	0.000	0.000
0.009	0.049	0.000	0.000
0.007	0.046	0.000	0.000
0.008	0.047	0.000	0.000
0.010	0.051	0.000	0.000
0.011	0.054	0.000	0.000
0.012	0.056	0.000	0.000
0.010	0.055	0.000	0.000
0.007	0.054	0.000	0.000
0.006	0.054	0.000	0.000
0.006	0.054	0.000	0.000
0.007	0.047	0.000	0.000
0.008	0.033	0.000	0.000
0.009	0.019	0.000	0.000
0.012	0.010	0.000	0.000
0.016	0.006	0.000	0.000
0.019	0.005	0.000	0.000
0.018	0.005	0.000	0.000
0.017	0.004	0.000	0.000
0.021	0.005	0.000	0.000
0.026	0.005	0.000	0.000
0.029	0.005	0.000	0.000
0.025	0.005	0.000	0.000
0.018	0.005	0.028	0.000
0.014	0.008	0.085	0.000
0.014	0.014	0.146	0.000
0.015	0.019	0.177	0.000
0.015	0.021	0.169	0.000
0.012	0.019	0.145	0.000
0.010	0.014	0.134	0.000
0.010	0.013	0.143	0.000
0.012	0.016	0.157	0.000
0.012	0.021	0.161	0.000
0.010	0.022	0.156	0.000
0.007	0.018	0.153	0.000
0.007	0.011	0.157	0.000
0.007	0.007	0.164	0.000
0.007	0.009	0.167	0.000
0.006	0.013	0.167	0.000
0.004	0.014	0.172	0.000
0.004	0.011	0.185	0.000
0.004	0.005	0.203	0.000
0.005	0.002	0.222	0.000
0.004	0.002	0.240	0.000
0.003	0.003	0.258	0.000
0.003	0.004	0.280	0.000
0.003	0.004	0.304	0.000
0.004	0.003	0.328	0.000
0.003	0.004	0.352	0.000
0.003	0.006	0.376	0.000
0.003	0.008	0.399	0.000
0.003	0.009	0.421	0.000
0.003	0.009	0.439	0.000
0.002	0.008	0.454	0.000
0.002	0.006	0.469	0.000
0.002	0.006	0.484	0.000
0.002	0.008	0.499	0.000
0.002	0.012	0.511	0.000
0.002	0.016	0.522	0.000
0.002	0.018	0.533	0.000
0.002	0.018	0.545	0.000
0.003	0.016	0.557	0.000
0.003	0.015	0.567	0.000
0.003	0.015	0.576	0.000
0.003	0.016	0.585	0.000
0.003	0.017	0.595	0.000
0.003	0.017	0.603	0.000
0.002	0.016	0.607	0.000
0.002	0.013	0.606	0.000
0.003	0.011	0.602	0.000
0.003	0.011	0.595	0.000
0.003	0.014	0.582	0.000
0.004	0.019	0.563	0.000
0.004	0.021	0.541	0.000
0.004	0.016	0.525	0.000
0.004	0.008	0.517	0.000
0.004	0.002	0.513	0.000
0.005	0.001	0.506	0.000
0.005	0.003	0.494	0.000
0.004	0.006	0.484	0.000
0.004	0.006	0.479	0.000
0.004	0.006	0.479	0.000
0.004	0.005	0.479	0.000
0.004	0.004	0.477	0.000
0.003	0.004	0.473	0.000
0.002	0.004	0.472	0.000
0.002	0.005	0.472	0.000
0.003	0.007	0.469	0.000
0.004	0.007	0.461	0.000
0.004	0.006	0.451	0.000
0.003	0.005	0.445	0.000
0.002	0.006	0.442	0.000
0.002	0.008	0.440	0.000
0.002	0.009	0.435	0.000
0.002	0.009	0.429	0.000
0.002	0.007	0.424	0.000
0.002	0.008	0.420	0.000
0.005	0.010	0.416	0.000
0.009	0.015	0.409	0.000
0.013	0.021	0.398	0.000
0.014	0.029	0.385	0.000
0.012	0.035	0.374	0.000
0.011	0.039	0.365	0.000
0.012	0.039	0.355	0.000
0.014	0.037	0.345	0.000
0.013	0.033	0.334	0.000
0.011	0.029	0.325	0.000
0.008	0.024	0.318	0.000
0.006	0.020	0.312	0.000
0.005	0.017	0.305	0.000
0.004	0.015	0.295	0.000
0.003	0.012	0.283	0.000
0.004	0.011	0.273	0.000
0.006	0.014	0.265	0.000
0.014	0.021	0.258	0.000
0.025	0.029	0.253	0.000
0.029	0.036	0.250	0.000
0.027	0.040	0.254	0.000
0.023	0.042	0.264	0.000
0.019	0.044	0.279	0.000
0.018	0.049	0.295	0.000
0.015	0.055	0.308	0.000
0.012	0.061	0.318	0.000
0.009	0.062	0.326	0.000
0.008	0.059	0.331	0.000
0.008	0.054	0.335	0.000
0.008	0.050	0.337	0.000
0.007	0.049	0.336	0.000
0.006	0.048	0.330	0.000
0.007	0.045	0.320	0.000
0.008	0.042	0.306	0.000
0.009	0.039	0.291	0.000
0.007	0.037	0.277	0.000
0.005	0.035	0.266	0.000
0.005	0.032	0.256	0.000
0.007	0.028	0.248	0.000
0.007	0.024	0.238	0.000
0.007	0.022	0.226	0.000
0.004	0.023	0.213	0.000
0.003	0.023	0.201	0.000
0.003	0.019	0.191	0.000
0.004	0.014	0.184	0.000
0.005	0.008	0.177	0.000
0.005	0.006	0.170	0.000
0.005	0.008	0.162	0.000
0.006	0.015	0.151	0.000
0.007	0.024	0.140	0.000
0.008	0.031	0.132	0.000
0.008	0.032	0.126	0.000
0.007	0.026	0.124	0.000
0.007	0.019	0.123	0.000
0.008	0.016	0.124	0.000
0.009	0.019	0.124	0.000
0.011	0.022	0.124	0.000
0.014	0.022	0.123	0.000
0.018	0.019	0.124	0.000
0.020	0.019	0.126	0.000
0.019	0.024	0.129	0.000
0.017	0.033	0.132	0.000
0.014	0.037	0.135	0.000
0.011	0.034	0.138	0.000
0.009	0.026	0.141	0.000
0.013	0.021	0.144	0.000
0.019	0.021	0.145	0.000
0.019	0.026	0.144	0.000
0.017	0.030	0.143	0.000
0.014	0.029	0.142	0.000
0.012	0.025	0.142	0.000
0.011	0.022	0.143	0.000
0.010	0.021	0.142	0.000
0.009	0.021	0.141	0.000
0.010	0.021	0.142	0.000
0.011	0.021	0.146	0.000
0.015	0.022	0.154	0.000
0.019	0.026	0.163	0.000
0.021	0.032	0.168	0.000
0.022	0.042	0.172	0.000
0.024	0.059	0.179	0.000
0.026	0.084	0.189	0.000
0.029	0.118	0.196	0.000
0.031	0.156	0.197	0.000
0.030	0.186	0.192	0.001
0.028	0.194	0.187	0.001
0.026	0.180	0.185	0.001
0.026	0.161	0.187	0.001
0.027	0.163	0.190	0.001
0.027	0.197	0.192	0.001
0.026	0.245	0.195	0.001
0.025	0.280	0.199	0.001
0.025	0.290	0.202	0.001
0.028	0.284	0.203	0.001
0.046	0.280	0.201	0.001
0.106	0.279	0.196	0.001
0.252	0.270	0.189	0.001
0.496	0.248	0.183	0.001
0.857	0.227	0.178	0.001
1.328	0.221	0.174	0.001
1.900	0.229	0.170	0.001
2.572	0.238	0.171	0.001
3.350	0.229	0.182	0.001
4.105	0.196	0.207	0.001
4.713	0.143	0.238	0.001
5.099	0.081	0.270	0.001
5.180	0.032	0.298	0.001
4.833	0.023	0.324	0.001
4.034	0.091	0.351	0.001
3.031	0.267	0.375	0.001
2.304	0.539	0.395	0.001
2.083	0.869	0.410	0.001
2.460	1.233	0.419	0.001
3.148	1.628	0.422	0.001
4.013	2.046	0.420	0.002
5.296	2.431	0.416	0.002
7.245	2.664	0.413	0.002
9.775	2.668	0.413	0.002
12.257	2.497	0.414	0.002
14.111	2.284	0.414	0.002
15.170	2.123	0.410	0.002
15.752	1.954	0.403	0.002
16.092	1.667	0.397	0.002
16.095	1.268	0.396	0.002
15.281	0.909	0.401	0.002
13.610	0.704	0.410	0.002
11.486	0.662	0.422	0.002
9.483	0.659	0.435	0.001
7.847	0.566	0.450	0.001
6.400	0.384	0.465	0.001
4.875	0.211	0.480	0.001
3.299	0.131	0.492	0.001
2.002	0.143	0.500	0.001
1.254	0.191	0.508	0.001
1.028	0.245	0.519	0.001
1.060	0.343	0.532	0.001
1.160	0.556	0.544	0.001
1.371	0.902	0.551	0.001
1.802	1.262	0.553	0.001
2.465	1.397	0.550	0.001
3.262	1.136	0.548	0.001
4.110	0.610	0.544	0.001
5.150	0.314	0.539	0.001
6.509	0.917	0.537	0.001
8.040	2.981	0.544	0.002
9.192	6.761	0.561	0.002
9.477	12.116	0.585	0.003
8.847	18.440	0.609	0.004
7.702	24.623	0.628	0.005
6.463	29.213	0.642	0.006
5.314	30.962	0.654	0.007
4.216	29.536	0.665	0.007
3.158	25.750	0.674	0.007
2.293	21.063	0.678	0.007
1.772	16.704	0.678	0.007
1.594	13.190	0.674	0.007
1.656	10.495	0.665	0.006
1.994	8.502	0.650	0.006
3.033	7.178	0.628	0.005
5.909	6.491	0.600	0.005
11.827	6.378	0.570	0.004
20.579	6.863	0.540	0.004
28.844	8.089	0.509	0.004
33.505	10.079	0.477	0.004
35.941	12.479	0.445	0.005
40.274	14.717	0.414	0.005
50.174	16.375	0.385	0.005
65.444	17.294	0.358	0.006
82.370	17.477	0.334	0.006
96.927	16.947	0.312	0.006
107.291	15.752	0.294	0.006
113.170	14.159	0.280	0.006
112.868	12.716	0.269	0.006
102.453	11.855	0.261	0.006
79.286	11.442	0.255	0.006
47.346	10.923	0.250	0.005
17.630	9.901	0.247	0.005
0.379	8.484	0.245	0.005
-1.412	7.057	0.244	0.005
8.102	5.791	0.247	0.004
22.716	4.498	0.253	0.004
38.258	2.972	0.261	0.003
52.725	1.484	0.268	0.003
64.047	0.746	0.273	0.003
69.814	1.286	0.274	0.002
69.011	2.921	0.275	0.002
63.100	4.934	0.278	0.002
54.761	6.583	0.283	0.003
45.824	7.366	0.289	0.003
36.768	7.022	0.295	0.003
28.106	5.614	0.301	0.003
20.912	3.685	0.306	0.003
15.871	2.113	0.310	0.003
12.370	1.546	0.312	0.003
9.224	1.893	0.312	0.003
6.021	2.450	0.313	0.003
3.441	2.573	0.314	0.002
2.195	2.192	0.315	0.002
1.985	1.719	0.316	0.002
1.851	1.531	0.315	0.002
1.287	1.636	0.315	0.002
0.679	1.769	0.315	0.002
0.681	1.725	0.315	0.002
1.561	1.564	0.317	0.002
3.210	1.479	0.318	0.002
5.500	1.489	0.318	0.002
8.359	1.525	0.317	0.002
11.772	1.250	0.314	0.002
15.397	0.749	0.309	0.001
18.344	0.538	0.301	0.001
20.448	1.136	0.289	0.001
21.406	2.596	0.276	0.002
21.196	4.637	0.263	0.002
20.029	6.951	0.252	0.003
17.903	9.313	0.243	0.003
14.902	11.382	0.238	0.004
11.529	12.561	0.237	0.004
8.410	12.209	0.242	0.004
5.853	10.198	0.250	0.004
3.991	7.205	0.259	0.004
2.861	4.378	0.266	0.004
2.494	2.628	0.272	0.004
3.101	2.142	0.279	0.003
4.973	2.462	0.290	0.003
8.048	2.899	0.307	0.002
11.292	2.969	0.328	0.002
11.948	2.635	0.350	0.002
9.196	2.263	0.365	0.002
7.284	2.259	0.359	0.002
11.102	2.627	0.323	0.002
21.459	2.942	0.263	0.002
34.659	2.969	0.197	0.002
44.736	3.220	0.146	0.002
47.176	4.677	0.123	0.003
42.417	7.733	0.130	0.003
32.939	11.480	0.154	0.003
22.061	14.242	0.184	0.004
12.923	14.737	0.208	0.004
7.012	12.883	0.225	0.005
4.016	9.687	0.237	0.005
2.752	6.419	0.244	0.005
2.089	3.878	0.249	0.004
1.603	2.256	0.252	0.004
1.557	1.392	0.254	0.003
2.076	1.030	0.256	0.003
2.664	0.962	0.258	0.003
2.756	1.075	0.259	0.002
2.368	1.322	0.259	0.002
1.915	1.676	0.259	0.002
1.653	2.055	0.258	0.002
1.490	2.304	0.256	0.002
1.186	2.270	0.255	0.002
0.715	1.914	0.254	0.002
0.416	1.349	0.251	0.002
0.858	0.781	0.246	0.002
2.591	0.364	0.239	0.002
5.841	0.127	0.230	0.001
9.781	0.021	0.221	0.001
13.064	-0.005	0.213	0.001
14.507	0.083	0.208	0.001
14.188	0.368	0.204	0.001
13.135	0.846	0.203	0.001
11.622	1.333	0.203	0.001
8.974	1.590	0.205	0.001
5.454	1.568	0.209	0.001
2.385	1.485	0.214	0.001
1.031	1.558	0.218	0.001
1.320	1.697	0.223	0.002
2.191	1.593	0.229	0.002
2.450	1.097	0.236	0.002
1.859	0.434	0.243	0.001
1.014	0.001	0.250	0.001
0.497	-0.022	0.258	0.001
0.344	0.186	0.266	0.001
0.327	0.310	0.272	0.001
0.417	0.221	0.275	0.001
0.781	0.051	0.273	0.001
1.743	-0.025	0.266	0.000
3.801	0.014	0.253	0.000
7.338	0.070	0.234	0.000
11.812	0.119	0.210	0.000
15.777	0.267	0.181	0.001
17.723	0.616	0.150	0.001
17.314	1.164	0.121	0.001
15.845	1.918	0.094	0.001
14.737	2.900	0.070	0.002
14.366	3.960	0.051	0.002
13.344	4.643	0.039	0.002
10.632	4.431	0.037	0.002
6.844	3.255	0.046	0.003
3.722	1.694	0.058	0.002
2.626	0.512	0.069	0.002
2.693	0.049	0.074	0.002
2.467	0.086	0.077	0.002
1.519	0.209	0.079	0.001
0.577	0.225	0.083	0.001
0.355	0.202	0.085	0.001
0.676	0.223	0.086	0.000
0.826	0.238	0.084	0.000
0.588	0.166	0.083	0.000
0.547	0.042	0.082	0.000
1.409	-0.004	0.081	0.000
3.133	0.088	0.079	0.000
5.009	0.237	0.078	0.000
6.532	0.342	0.077	0.001
8.035	0.431	0.077	0.001
9.843	0.615	0.076	0.001
11.616	0.918	0.076	0.001
12.466	1.171	0.076	0.001
11.886	1.192	0.075	0.001
10.045	0.941	0.074	0.001
7.495	0.605	0.072	0.001
4.825	0.564	0.069	0.001
2.486	0.868	0.066	0.001
0.788	1.084	0.064	0.001
-0.050	0.861	0.060	0.001
0.005	0.336	0.055	0.001
0.730	-0.054	0.051	0.001
1.783	-0.045	0.047	0.001
2.921	0.209	0.045	0.001
4.029	0.359	0.043	0.001
4.892	0.277	0.043	0.001
5.191	0.125	0.046	0.001
4.738	0.120	0.055	0.001
3.739	0.236	0.071	0.001
2.624	0.292	0.095	0.001
1.715	0.218	0.118	0.001
1.068	0.146	0.131	0.001
0.587	0.237	0.123	0.001
0.241	0.523	0.097	0.001
0.092	0.886	0.066	0.001
0.208	1.138	0.055	0.001
0.653	1.177	0.084	0.001
1.394	1.067	0.148	0.001
2.388	0.964	0.229	0.001
3.836	0.964	0.305	0.001
5.810	1.043	0.364	0.001
8.139	1.091	0.413	0.001
10.493	1.002	0.457	0.001
12.441	0.789	0.495	0.001
13.642	0.592	0.524	0.001
13.754	0.541	0.543	0.001
12.619	0.603	0.560	0.001
10.443	0.626	0.581	0.001
7.920	0.518	0.608	0.001
5.595	0.336	0.636	0.001
3.646	0.210	0.660	0.001
2.044	0.189	0.681	0.001
0.821	0.206	0.702	0.001
0.103	0.202	0.722	0.001
-0.058	0.217	0.740	0.001
0.188	0.288	0.750	0.001
0.619	0.355	0.754	0.001
1.172	0.316	0.753	0.001
1.926	0.186	0.751	0.001
2.821	0.087	0.749	0.001
3.531	0.144	0.747	0.001
3.634	0.418	0.743	0.001
2.959	0.906	0.738	0.001
1.773	1.532	0.734	0.001
0.654	2.104	0.734	0.001
0.045	2.359	0.737	0.002
-0.023	2.097	0.740	0.002
0.135	1.374	0.741	0.002
0.218	0.548	0.742	0.002
0.191	0.072	0.745	0.001
0.286	0.076	0.748	0.001
0.987	0.272	0.748	0.001
2.855	0.316	0.746	0.001
5.109	0.142	0.743	0.001
7.065	-0.042	0.744	0.000
8.230	-0.029	0.747	0.001
8.444	0.218	0.750	0.001
7.796	0.560	0.750	0.001
6.494	0.852	0.747	0.001
4.975	1.008	0.743	0.001
3.583	1.004	0.739	0.001
2.611	0.917	0.735	0.001
1.986	0.854	0.728	0.001
1.447	0.801	0.719	0.001
0.842	0.653	0.709	0.001
0.308	0.387	0.700	0.001
0.050	0.180	0.689	0.001
0.078	0.255	0.677	0.001
0.204	0.579	0.661	0.001
0.244	0.853	0.642	0.001
0.179	0.821	0.619	0.001
0.107	0.528	0.592	0.001
0.093	0.239	0.560	0.001
0.103	0.145	0.529	0.001
0.082	0.187	0.502	0.001
0.044	0.189	0.481	0.001
0.087	0.089	0.464	0.001
0.375	-0.013	0.449	0.001
1.136	0.010	0.435	0.001
2.439	0.184	0.420	0.001
4.186	0.474	0.406	0.001
5.936	0.921	0.394	0.001
7.287	1.759	0.384	0.002
8.208	3.423	0.378	0.002
8.937	6.415	0.378	0.003
9.593	10.946	0.386	0.004
9.959	16.771	0.399	0.005
9.505	23.246	0.417	0.005
8.097	29.505	0.435	0.006
6.042	34.398	0.450	0.007
3.933	36.579	0.461	0.008
2.325	34.929	0.464	0.008
1.631	29.301	0.457	0.008
2.209	20.966	0.436	0.008
4.302	12.422	0.397	0.007
7.781	6.558	0.346	0.006
11.927	5.907	0.290	0.006
16.088	12.283	0.239	0.006
20.285	26.382	0.197	0.006
25.243	46.979	0.164	0.007
31.692	70.200	0.140	0.008
39.325	90.458	0.125	0.010
46.978	103.176	0.119	0.012
53.251	106.976	0.123	0.013
57.089	103.460	0.134	0.014
58.431	94.852	0.147	0.014
57.569	82.393	0.161	0.014
54.444	66.799	0.173	0.014
48.940	49.270	0.182	0.013
41.248	31.962	0.189	0.012
32.144	17.411	0.195	0.010
22.867	7.413	0.200	0.009
14.570	2.267	0.207	0.007
7.901	0.857	0.214	0.006
3.133	1.256	0.221	0.004
0.450	1.744	0.225	0.003
-0.013	1.523	0.228	0.003
1.798	0.828	0.232	0.002
5.715	0.300	0.236	0.002
11.322	0.260	0.239	0.001
18.282	0.517	0.242	0.001
26.343	0.797	0.244	0.001
34.927	1.005	0.244	0.001
42.792	1.465	0.241	0.002
48.316	2.832	0.233	0.002
50.455	5.866	0.222	0.003
49.041	11.198	0.208	0.004
44.416	18.954	0.196	0.005
37.592	27.994	0.187	0.006
29.789	35.878	0.182	0.007
22.229	39.810	0.180	0.007
15.963	38.470	0.180	0.008
11.494	32.969	0.181	0.008
8.680	25.927	0.181	0.008
6.959	19.666	0.182	0.008
5.823	15.218	0.183	0.008
4.846	12.460	0.186	0.007
3.659	10.905	0.188	0.007
2.367	10.138	0.192	0.006
1.393	9.730	0.196	0.006
1.077	9.081	0.200	0.005
1.452	7.875	0.203	0.005
2.357	6.365	0.204	0.005
3.459	5.136	0.203	0.004
4.519	4.489	0.202	0.004
5.409	4.211	0.201	0.004
5.979	3.932	0.201	0.003
7.294	3.646	0.201	0.003
10.168	3.449	0.199	0.003
14.713	3.120	0.196	0.003
19.805	2.835	0.195	0.002
23.883	2.226	0.195	0.002
25.837	1.565	0.198	0.002
25.521	1.433	0.202	0.002
23.633	2.152	0.207	0.002
21.034	3.405	0.214	0.002
18.264	4.648	0.222	0.002
15.586	5.491	0.231	0.003
13.020	5.863	0.239	0.003
10.330	5.913	0.245	0.003
7.433	5.808	0.249	0.003
4.504	5.614	0.253	0.004
2.074	5.277	0.257	0.004
0.644	4.684	0.261	0.003
0.237	3.803	0.264	0.003
0.407	2.769	0.267	0.003
0.621	1.832	0.270	0.003
0.698	1.208	0.273	0.003
0.799	0.993	0.275	0.002
1.159	1.195	0.275	0.002
1.837	1.697	0.274	0.002
2.609	2.393	0.272	0.002
3.334	3.355	0.268	0.002
3.976	4.890	0.263	0.003
4.254	7.109	0.257	0.003
4.089	9.371	0.251	0.003
3.946	10.417	0.247	0.004
4.637	9.524	0.245	0.004
6.597	7.354	0.243	0.004
9.248	5.518	0.242	0.004
11.217	5.206	0.239	0.004
11.708	6.266	0.236	0.004
9.966	7.555	0.230	0.004
8.168	8.172	0.223	0.004
7.466	8.118	0.213	0.004
8.642	7.947	0.201	0.004
10.742	7.949	0.186	0.004
12.737	7.880	0.171	0.004
13.953	7.335	0.155	0.004
14.691	6.295	0.140	0.004
15.133	5.139	0.130	0.004
14.971	4.394	0.125	0.004
14.023	4.137	0.128	0.004
12.254	3.980	0.141	0.003
10.087	3.513	0.162	0.003
7.625	2.749	0.192	0.003
4.956	2.115	0.228	0.003
2.406	2.035	0.265	0.003
0.566	2.566	0.302	0.003
-0.177	3.385	0.338	0.003
-0.051	3.867	0.374	0.003
0.320	3.504	0.411	0.002
0.514	2.290	0.450	0.002
0.650	0.844	0.491	0.002
1.133	-0.081	0.531	0.002
2.232	-0.215	0.566	0.001
3.934	0.083	0.593	0.001
6.004	0.282	0.610	0.001
8.426	0.208	0.619	0.001
11.033	0.204	0.622	0.001
13.473	0.784	0.623	0.001
15.565	2.114	0.624	0.001
17.248	3.993	0.627	0.002
18.380	6.018	0.630	0.002
18.915	7.647	0.634	0.003
18.662	8.269	0.639	0.003
17.660	7.664	0.646	0.003
16.234	6.259	0.654	0.003
14.871	5.037	0.662	0.004
13.661	4.989	0.670	0.004
12.721	6.508	0.677	0.004
11.910	9.067	0.682	0.004
10.991	11.588	0.686	0.004
9.917	13.593	0.686	0.005
8.724	15.581	0.682	0.005
7.634	18.256	0.675	0.006
6.845	21.406	0.665	0.006
6.364	23.816	0.652	0.007
6.244	24.513	0.636	0.007
6.377	23.618	0.616	0.007
6.739	22.251	0.590	0.007
7.466	21.556	0.559	0.007
8.954	21.870	0.523	0.007
11.091	23.052	0.482	0.007
13.762	25.356	0.438	0.008
16.869	29.647	0.392	0.008
19.991	36.611	0.348	0.008
22.836	45.693	0.308	0.009
24.847	55.465	0.273	0.010
25.724	64.911	0.246	0.010
25.231	73.833	0.226	0.011
23.448	81.766	0.214	0.012
20.650	86.933	0.205	0.013
17.141	86.973	0.198	0.013
13.153	80.302	0.191	0.013
9.116	67.449	0.185	0.013
5.684	51.026	0.180	0.012
3.330	34.317	0.178	0.012
2.000	20.025	0.176	0.010
1.403	9.673	0.176	0.009
1.149	3.461	0.176	0.008
1.271	0.576	0.178	0.006
2.158	-0.268	0.181	0.005
4.199	-0.178	0.186	0.003
7.331	0.206	0.192	0.002
10.953	0.618	0.199	0.001
13.704	0.928	0.206	0.001
14.046	1.038	0.213	0.001
11.777	1.012	0.220	0.001
8.081	1.122	0.228	0.001
4.645	1.696	0.236	0.002
2.508	2.791	0.243	0.002
1.640	4.046	0.247	0.002
1.398	4.976	0.245	0.003
1.413	5.397	0.240	0.003
1.862	5.567	0.233	0.003
3.146	6.163	0.224	0.003
5.608	8.091	0.214	0.004
9.413	11.948	0.203	0.004
14.363	17.259	0.194	0.005
18.797	22.359	0.188	0.005
22.763	25.190	0.189	0.006
28.329	24.623	0.195	0.006
36.596	21.121	0.207	0.006
46.039	16.438	0.221	0.006
53.988	12.391	0.236	0.006
58.246	9.689	0.250	0.006
58.536	7.936	0.261	0.006
54.991	6.497	0.272	0.005
46.238	5.144	0.282	0.005
31.709	3.930	0.292	0.004
14.811	2.863	0.300	0.004
2.073	1.863	0.306	0.003
-1.175	1.004	0.308	0.003
5.230	0.571	0.309	0.002
16.718	0.722	0.310	0.002
28.065	1.183	0.310	0.002
36.606	1.513	0.308	0.002
41.665	1.706	0.304	0.001
43.364	2.134	0.299	0.001
41.673	3.081	0.293	0.002
36.969	4.434	0.288	0.002
30.615	5.703	0.283	0.002
24.089	6.371	0.277	0.003
18.280	6.134	0.273	0.003
13.524	5.071	0.270	0.003
9.943	3.663	0.268	0.003
7.517	2.559	0.267	0.003
6.126	2.172	0.266	0.003
5.297	2.416	0.265	0.003
4.621	2.854	0.264	0.003
4.100	3.177	0.264	0.003
3.891	3.458	0.264	0.003
3.945	3.998	0.265	0.003
4.002	4.955	0.266	0.003
3.901	6.199	0.269	0.003
3.806	7.537	0.272	0.004
4.053	9.111	0.276	0.004
4.744	11.319	0.280	0.004
5.689	14.357	0.284	0.005
6.690	17.910	0.289	0.005
7.983	21.475	0.295	0.006
10.006	24.834	0.303	0.007
13.023	28.207	0.312	0.007
15.724	31.751	0.320	0.008
16.508	34.956	0.326	0.008
14.727	36.344	0.330	0.008
11.676	34.402	0.333	0.008
9.043	29.464	0.334	0.008
7.446	24.329	0.333	0.008
6.430	21.846	0.331	0.008
5.306	22.050	0.330	0.008
4.007	22.164	0.329	0.008
2.963	19.577	0.330	0.007
2.477	14.584	0.330	0.007
2.382	9.979	0.330	0.006
2.452	8.114	0.330	0.006
2.865	8.704	0.330	0.006
4.187	9.517	0.331	0.005
6.747	8.883	0.332	0.005
10.183	7.103	0.333	0.005
13.635	5.498	0.334	0.004
16.177	4.670	0.335	0.004
17.247	4.113	0.335	0.004
17.046	3.238	0.336	0.003
15.765	2.180	0.339	0.003
13.087	1.484	0.345	0.003
9.172	1.327	0.354	0.002
4.960	1.350	0.365	0.002
1.820	1.192	0.378	0.002
0.689	0.955	0.391	0.002
1.319	1.048	0.406	0.002
2.677	1.752	0.423	0.002
3.977	2.807	0.441	0.002
5.407	3.595	0.458	0.002
7.609	3.817	0.472	0.003
10.950	3.987	0.481	0.003
15.121	5.386	0.486	0.003
19.978	9.672	0.486	0.004
25.502	18.454	0.481	0.005
31.584	33.156	0.474	0.007
37.472	54.951	0.465	0.008
41.531	84.325	0.457	0.010
42.314	119.462	0.454	0.012
39.686	154.963	0.454	0.014
34.605	182.655	0.458	0.016
28.157	195.376	0.464	0.018
21.160	190.759	0.470	0.019
14.253	171.689	0.476	0.019
8.270	143.548	0.481	0.019
4.069	111.255	0.485	0.018
2.105	78.472	0.488	0.017
2.250	48.541	0.491	0.015
3.896	24.824	0.495	0.014
6.313	9.481	0.500	0.011
8.869	2.088	0.508	0.009
11.114	-0.062	0.518	0.007
12.737	-0.069	0.532	0.005
13.211	0.207	0.549	0.004
11.692	0.379	0.568	0.002
8.150	0.727	0.586	0.002
4.067	1.319	0.601	0.001
1.305	1.815	0.610	0.001
0.627	1.910	0.615	0.001
1.290	1.693	0.620	0.002
1.829	1.489	0.625	0.002
1.534	1.478	0.631	0.002
0.933	1.547	0.635	0.002
0.922	1.459	0.640	0.002
1.755	1.112	0.644	0.002
3.129	0.626	0.649	0.002
4.739	0.242	0.653	0.001
6.754	0.121	0.656	0.001
10.049	0.200	0.656	0.001
15.487	0.297	0.655	0.001
22.861	0.481	0.652	0.001
31.019	1.281	0.646	0.001
37.787	3.372	0.637	0.002
41.815	7.031	0.625	0.003
43.049	12.024	0.614	0.003
42.666	18.063	0.602	0.004
42.160	24.934	0.590	0.005
42.381	31.650	0.576	0.006
42.974	36.010	0.559	0.007
43.276	36.185	0.538	0.008
43.213	33.101	0.514	0.008
42.840	30.933	0.485	0.009
42.683	33.670	0.455	0.009
42.506	41.433	0.426	0.009
41.762	50.579	0.403	0.010
39.659	57.883	0.386	0.010
35.845	63.637	0.374	0.011
31.131	70.446	0.364	0.012
27.115	78.990	0.354	0.012
24.560	86.205	0.342	0.013
23.454	88.048	0.329	0.013
22.855	83.539	0.315	0.013
21.496	75.112	0.300	0.013
18.580	65.128	0.284	0.013
14.474	54.454	0.269	0.013
10.419	43.612	0.256	0.012
7.564	34.317	0.245	0.011
6.653	28.623	0.234	0.011
8.202	26.582	0.224	0.010
12.634	25.470	0.214	0.009
18.513	22.316	0.205	0.008
27.874	16.630	0.197	0.007
35.601	10.417	0.189	0.007
40.917	5.962	0.183	0.006
43.578	4.017	0.178	0.005
39.344	3.917	0.175	0.005
32.975	4.987	0.175	0.004
24.145	7.849	0.176	0.004
15.591	13.041	0.177	0.004
14.753	17.218	0.175	0.004
26.313	15.591	0.169	0.004
46.302	8.879	0.159	0.003
60.064	4.252	0.143	0.003
64.625	8.949	0.125	0.004
66.372	25.476	0.104	0.005
74.971	52.388	0.082	0.006
91.282	87.477	0.064	0.009
106.443	126.798	0.050	0.011
112.485	162.408	0.044	0.014
110.568	183.860	0.046	0.016
105.060	183.232	0.056	0.017
100.909	160.814	0.071	0.018
98.241	125.043	0.087	0.018
95.207	87.395	0.101	0.017
89.793	56.989	0.111	0.016
80.702	36.971	0.117	0.015
66.082	25.174	0.121	0.013
47.444	17.699	0.124	0.011
29.740	11.710	0.127	0.009
18.199	6.434	0.131	0.007
14.030	2.538	0.139	0.006
15.257	0.684	0.152	0.005
20.434	0.585	0.169	0.004
29.931	1.385	0.187	0.003
43.588	2.892	0.207	0.003
58.825	6.017	0.228	0.003
71.046	11.529	0.252	0.004
76.458	18.450	0.275	0.004
75.462	24.320	0.296	0.005
72.015	27.592	0.312	0.006
69.542	29.354	0.324	0.007
67.781	32.183	0.330	0.008
63.178	37.950	0.330	0.008
53.699	46.818	0.322	0.009
41.260	57.753	0.308	0.010
29.915	69.492	0.290	0.011
22.980	80.321	0.272	0.012
20.328	87.714	0.256	0.012
20.007	89.010	0.241	0.013
20.225	82.587	0.229	0.013
20.632	69.294	0.220	0.013
21.624	52.723	0.214	0.013
23.278	37.636	0.210	0.012
24.199	27.412	0.209	0.011
22.817	23.077	0.209	0.010
19.587	24.819	0.209	0.010
16.487	33.201	0.209	0.009
14.908	47.436	0.207	0.009
13.620	60.814	0.205	0.009
12.068	61.817	0.204	0.009
13.291	45.228	0.203	0.009
18.649	20.005	0.203	0.008
24.456	2.013	0.201	0.007
25.555	-1.152	0.198	0.007
20.135	4.711	0.195	0.006
11.851	9.087	0.190	0.005
6.544	7.976	0.185	0.004
7.025	5.112	0.180	0.003
11.748	5.023	0.176	0.003
18.093	7.883	0.175	0.004
25.807	12.329	0.178	0.004
35.912	20.086	0.182	0.005
48.698	36.066	0.187	0.007
63.058	62.873	0.194	0.008
77.066	96.868	0.202	0.010
87.944	129.594	0.211	0.012
91.904	153.061	0.219	0.014
90.448	163.277	0.227	0.016
88.099	160.367	0.232	0.017
89.332	146.858	0.235	0.017
93.320	125.756	0.236	0.017
95.784	99.855	0.235	0.017
92.867	72.216	0.234	0.016
84.026	46.221	0.231	0.014
70.958	25.036	0.227	0.013
54.607	10.586	0.220	0.011
35.278	2.920	0.211	0.009
16.042	0.226	0.203	0.007
3.794	0.177	0.197	0.005
5.209	1.126	0.192	0.004
20.692	2.389	0.189	0.003
43.196	3.937	0.186	0.002
63.099	5.977	0.183	0.003
75.139	8.653	0.181	0.003
80.099	11.432	0.180	0.004
81.181	13.191	0.179	0.004
79.741	13.506	0.178	0.005
74.990	13.387	0.174	0.005
67.192	14.367	0.171	0.005
57.608	17.135	0.168	0.006
48.100	20.944	0.166	0.006
40.329	24.510	0.165	0.007
34.757	27.098	0.162	0.007
28.459	28.897	0.159	0.007
20.038	30.739	0.157	0.008
11.837	33.707	0.156	0.008
7.036	38.000	0.155	0.009
6.293	42.108	0.153	0.009
7.444	43.375	0.148	0.009
8.245	39.731	0.143	0.009
8.787	31.263	0.137	0.009
11.259	20.471	0.133	0.008
16.828	11.207	0.130	0.008
23.390	6.182	0.129	0.007
27.773	5.457	0.131	0.006
29.613	7.233	0.138	0.005
32.898	9.689	0.147	0.005
40.784	11.887	0.158	0.005
49.795	13.537	0.169	0.005
52.341	14.380	0.180	0.005
44.942	13.980	0.188	0.005
32.053	12.165	0.194	0.005
21.300	9.557	0.199	0.005
16.468	7.401	0.204	0.005
15.442	6.883	0.209	0.005
14.121	7.854	0.214	0.005
11.872	9.184	0.218	0.005
11.137	10.328	0.219	0.005
13.434	12.090	0.218	0.005
16.716	16.303	0.217	0.006
18.416	23.546	0.220	0.006
18.718	30.955	0.223	0.007
20.310	34.343	0.226	0.007
25.185	31.717	0.225	0.007
32.273	24.961	0.221	0.008
37.274	18.591	0.217	0.008
36.563	16.265	0.213	0.008
31.136	18.549	0.209	0.008
25.275	23.790	0.206	0.008
22.640	30.654	0.204	0.008
23.328	39.255	0.206	0.008
24.636	50.061	0.213	0.009
24.188	61.731	0.223	0.010
22.119	71.430	0.234	0.011
20.363	77.608	0.246	0.012
19.914	81.896	0.261	0.013
20.168	87.404	0.280	0.013
20.322	94.119	0.303	0.014
20.807	98.880	0.329	0.014
22.809	98.671	0.355	0.015
26.379	94.001	0.382	0.015
30.151	88.576	0.409	0.015
32.599	85.340	0.436	0.015
33.278	84.413	0.461	0.015
33.277	84.799	0.485	0.015
34.020	86.471	0.507	0.015
35.837	90.815	0.528	0.015
37.408	98.512	0.544	0.015
37.130	106.801	0.555	0.015
34.515	110.184	0.559	0.015
30.551	104.520	0.559	0.015
26.687	90.499	0.557	0.015
23.686	73.108	0.556	0.014
21.197	57.616	0.553	0.014
18.828	46.182	0.545	0.013
16.778	37.741	0.534	0.012
15.336	30.520	0.522	0.011
14.634	24.160	0.513	0.010
14.538	19.698	0.506	0.009
14.860	18.105	0.500	0.008
15.305	19.110	0.495	0.008
15.631	21.358	0.491	0.007
16.034	23.666	0.490	0.007
16.985	25.887	0.490	0.007
18.645	29.167	0.491	0.008
20.855	34.912	0.490	0.008
23.438	43.317	0.486	0.009
26.164	53.636	0.479	0.010
29.305	65.208	0.468	0.011
32.336	78.143	0.454	0.012
34.895	93.587	0.436	0.013
37.207	112.639	0.417	0.014
39.786	135.246	0.396	0.015
43.256	159.190	0.372	0.017
47.378	179.874	0.348	0.018
51.513	192.916	0.323	0.019
54.044	196.738	0.301	0.020
53.435	193.029	0.282	0.020
49.416	184.097	0.265	0.021
43.332	170.527	0.250	0.020
37.419	151.586	0.235	0.020
34.513	127.611	0.221	0.019
34.923	101.481	0.207	0.018
35.220	77.674	0.195	0.017
32.035	59.541	0.184	0.016
25.875	47.633	0.174	0.014
20.010	40.266	0.166	0.013
16.990	35.320	0.159	0.012
15.274	31.487	0.155	0.011
12.166	28.219	0.152	0.010
7.574	25.397	0.152	0.009
3.943	23.131	0.154	0.008
3.097	21.252	0.157	0.008
4.077	19.241	0.161	0.008
4.416	16.507	0.166	0.007
3.046	12.917	0.171	0.007
1.216	9.116	0.175	0.006
0.585	6.128	0.178	0.005
1.203	4.537	0.179	0.005
1.784	4.116	0.179	0.004
1.494	4.124	0.176	0.004
0.783	3.976	0.172	0.004
0.524	3.563	0.166	0.003
0.846	3.065	0.160	0.003
1.135	2.615	0.154	0.003
0.937	2.220	0.147	0.003
0.481	1.891	0.142	0.003
0.286	1.702	0.138	0.002
0.469	1.687	0.135	0.002
0.711	1.744	0.135	0.002
0.784	1.718	0.135	0.002
0.774	1.551	0.137	0.002
0.866	1.310	0.139	0.002
1.089	1.053	0.141	0.002
1.267	0.798	0.143	0.002
1.167	0.550	0.144	0.002
0.895	0.366	0.142	0.001
0.720	0.457	0.141	0.001
0.885	1.052	0.140	0.001
1.314	1.556	0.140	0.002
1.821	1.467	0.142	0.002
2.268	0.871	0.145	0.002
2.540	0.257	0.149	0.002
2.625	0.042	0.153	0.002
2.455	0.221	0.157	0.001
2.007	0.452	0.161	0.001
1.366	0.486	0.167	0.001
0.725	0.430	0.173	0.001
0.312	0.529	0.181	0.001
0.199	0.835	0.189	0.001
0.251	1.099	0.199	0.001
0.291	1.039	0.210	0.001
0.260	0.669	0.223	0.001
0.219	0.290	0.237	0.001
0.262	0.173	0.253	0.001
0.467	0.319	0.271	0.001
0.939	0.528	0.290	0.001
1.963	0.648	0.311	0.001
3.553	0.746	0.332	0.001
5.779	1.154	0.352	0.002
9.255	2.601	0.370	0.002
15.179	6.576	0.386	0.003
24.491	15.727	0.399	0.005
37.198	33.800	0.410	0.006
52.463	64.787	0.419	0.009
68.325	111.634	0.424	0.011
82.819	173.347	0.428	0.014
95.776	243.073	0.429	0.017
107.746	310.527	0.429	0.020
115.983	370.074	0.430	0.023
117.385	424.005	0.429	0.026
110.720	475.892	0.427	0.029
96.897	519.600	0.422	0.031
78.251	538.506	0.417	0.032
57.612	517.526	0.413	0.033
37.186	455.699	0.410	0.033
19.383	366.330	0.407	0.032
6.507	267.215	0.405	0.030
0.393	172.297	0.402	0.027
1.376	91.197	0.399	0.024
7.939	31.861	0.392	0.020
17.607	-0.149	0.382	0.016
27.635	-5.023	0.368	0.012
36.743	10.714	0.352	0.009
44.568	38.541	0.336	0.007
51.402	72.755	0.321	0.008
57.395	110.994	0.307	0.010
62.318	151.292	0.292	0.012
65.869	190.278	0.277	0.015
68.102	224.800	0.263	0.018
69.293	253.350	0.250	0.020
69.377	276.277	0.238	0.022
67.903	294.825	0.227	0.024
64.523	310.365	0.215	0.025
59.189	323.681	0.204	0.026
52.136	333.620	0.193	0.027
43.714	335.847	0.183	0.027
34.457	324.763	0.174	0.027
25.205	296.897	0.166	0.027
17.043	253.210	0.158	0.026
10.932	199.309	0.151	0.025
7.198	143.569	0.143	0.023
5.343	94.089	0.134	0.021
4.352	55.914	0.126	0.018
3.526	29.943	0.118	0.016
2.631	13.934	0.112	0.013
1.711	4.885	0.107	0.010
0.910	0.813	0.103	0.008
0.368	0.401	0.100	0.006
0.154	1.725	0.098	0.004
0.197	2.516	0.097	0.003
0.311	1.746	0.096	0.002
0.324	0.227	0.095	0.001
0.207	-0.603	0.095	0.001
0.076	-0.272	0.094	0.001
0.041	0.419	0.093	0.001
0.089	0.542	0.092	0.001
0.123	0.111	0.091	0.000
0.095	-0.172	0.090	0.000
0.045	0.070	0.089	0.001
0.032	0.472	0.088	0.001
0.056	0.510	0.088	0.001
0.072	0.168	0.087	0.001
0.053	-0.127	0.085	0.001
0.025	-0.090	0.084	0.001
0.022	0.120	0.083	0.001
0.042	0.187	0.082	0.000
0.052	0.043	0.081	0.000
0.034	-0.105	0.080	0.000
0.010	-0.084	0.079	0.000
0.010	0.049	0.078	0.000
0.042	0.117	0.078	0.000
0.129	0.057	0.078	0.000
0.356	-0.030	0.078	0.000
0.886	-0.034	0.077	0.000
1.867	0.031	0.077	0.000
3.227	0.078	0.076	0.000
4.671	0.094	0.076	0.000
5.715	0.230	0.075	0.001
6.078	0.633	0.075	0.001
6.041	1.181	0.075	0.001
6.286	1.642	0.076	0.001
7.283	2.279	0.077	0.002
8.667	4.114	0.079	0.002
9.050	8.014	0.082	0.003
7.200	10.699	0.086	0.004
3.796	11.493	0.089	0.004
0.874	10.161	0.091	0.004
-0.123	7.681	0.091	0.004
0.603	5.202	0.091	0.004
1.996	3.437	0.090	0.004
3.519	2.203	0.088	0.004
5.775	1.307	0.086	0.003
9.313	0.823	0.084	0.003
13.940	0.740	0.082	0.002
18.535	0.832	0.080	0.002
21.902	0.886	0.078	0.002
23.226	0.910	0.075	0.002
21.856	1.042	0.072	0.002
17.695	1.332	0.068	0.002
11.992	1.680	0.064	0.002
6.894	1.965	0.061	0.002
3.822	2.174	0.059	0.002
2.757	2.380	0.061	0.002
2.568	2.616	0.071	0.002
2.236	2.838	0.090	0.002
1.670	2.985	0.117	0.002
1.513	3.055	0.151	0.003
2.332	3.064	0.191	0.003
4.213	3.089	0.238	0.003
7.309	3.505	0.290	0.003
11.977	4.708	0.346	0.003
18.580	6.860	0.403	0.003
26.898	9.831	0.459	0.004
35.543	13.412	0.510	0.004
42.235	17.609	0.552	0.005
45.663	22.018	0.583	0.006
45.836	25.949	0.599	0.006
43.773	29.503	0.602	0.007
40.668	34.117	0.595	0.008
36.725	41.847	0.585	0.009
31.857	54.034	0.575	0.010
26.124	69.729	0.564	0.011
20.343	85.236	0.551	0.012
15.564	95.467	0.536	0.012
12.543	95.992	0.519	0.013
11.452	85.037	0.499	0.013
11.117	65.328	0.475	0.013
10.420	43.617	0.448	0.012
9.464	27.095	0.418	0.012
9.856	19.196	0.384	0.011
13.142	17.972	0.347	0.010
18.968	18.538	0.307	0.009
25.748	17.081	0.264	0.007
32.244	13.118	0.219	0.007
38.998	9.219	0.176	0.006
47.493	9.331	0.143	0.006
58.820	17.301	0.133	0.006
71.223	35.742	0.154	0.007
81.743	65.087	0.200	0.009
88.484	104.519	0.258	0.011
90.501	153.471	0.311	0.014
88.224	210.999	0.353	0.017
82.326	272.427	0.386	0.019
73.083	327.822	0.415	0.022
60.642	364.447	0.443	0.024
46.002	371.040	0.466	0.025
31.388	341.728	0.481	0.026
19.185	280.535	0.491	0.026
10.652	202.312	0.499	0.025
5.795	127.922	0.506	0.023
4.137	73.871	0.511	0.021
5.425	43.504	0.509	0.018
9.544	27.534	0.499	0.015
16.144	15.056	0.483	0.012
24.135	4.575	0.462	0.009
31.675	3.385	0.440	0.007
37.169	16.484	0.416	0.006
40.110	39.175	0.394	0.005
40.336	60.930	0.374	0.006
37.398	74.086	0.359	0.008
30.805	77.262	0.347	0.010
21.738	72.169	0.337	0.011
12.860	59.959	0.328	0.011
6.546	42.512	0.318	0.011
3.367	24.659	0.310	0.011
2.177	12.476	0.302	0.010
1.513	8.608	0.296	0.009
0.830	10.397	0.292	0.008
0.393	12.858	0.288	0.007
0.421	13.250	0.286	0.006
0.677	11.953	0.285	0.005
0.795	10.033	0.285	0.005
0.774	7.457	0.287	0.004
1.008	4.034	0.291	0.004
1.965	0.798	0.297	0.003
4.010	-0.589	0.303	0.003
7.304	0.281	0.308	0.002
11.712	1.829	0.310	0.002
16.869	2.440	0.311	0.002
22.011	2.851	0.313	0.002
26.019	5.078	0.316	0.002
28.656	9.105	0.321	0.002
29.982	12.296	0.329	0.003
29.953	12.168	0.338	0.003
28.593	9.018	0.345	0.004
26.011	5.906	0.346	0.004
22.118	6.410	0.343	0.005
17.068	12.451	0.338	0.005
11.449	23.600	0.333	0.006
6.374	36.350	0.328	0.006
2.762	44.864	0.323	0.007
0.955	44.106	0.318	0.007
0.523	33.684	0.313	0.008
0.722	18.691	0.311	0.007
1.023	6.234	0.309	0.007
1.337	0.315	0.307	0.006
1.664	-0.171	0.303	0.005
1.913	1.021	0.299	0.004
1.871	1.296	0.295	0.003
1.518	0.656	0.290	0.002
1.086	0.251	0.286	0.001
0.887	0.494	0.283	0.001
0.913	0.829	0.282	0.001
0.926	0.748	0.283	0.001
0.795	0.427	0.285	0.001
0.664	0.318	0.286	0.001
0.707	0.517	0.287	0.001
1.057	0.734	0.290	0.001
1.821	0.736	0.293	0.001
3.222	0.590	0.298	0.001
5.321	0.500	0.301	0.001
7.881	0.553	0.305	0.001
10.069	0.771	0.308	0.001
11.973	1.363	0.308	0.002
14.780	2.669	0.303	0.002
19.484	4.703	0.288	0.002
25.162	6.865	0.264	0.003
30.284	8.261	0.236	0.003
33.360	8.403	0.208	0.003
34.528	7.613	0.183	0.004
33.901	6.667	0.162	0.004
31.376	6.020	0.146	0.004
27.075	5.452	0.137	0.004
21.998	4.527	0.134	0.004
17.048	3.268	0.134	0.003
12.963	2.263	0.137	0.003
9.818	2.121	0.140	0.003
7.263	2.954	0.143	0.003
5.095	4.353	0.145	0.003
3.395	5.727	0.147	0.003
2.245	6.685	0.148	0.003
1.506	7.183	0.147	0.003
0.984	7.364	0.144	0.004
0.589	7.344	0.139	0.004
0.342	7.229	0.133	0.004
0.271	6.945	0.127	0.004
0.309	6.153	0.122	0.004
0.365	4.544	0.121	0.004
0.384	2.354	0.125	0.003
0.345	0.432	0.137	0.003
0.269	-0.428	0.157	0.002
0.191	-0.194	0.184	0.002
0.133	0.423	0.216	0.001
0.110	0.677	0.251	0.001
0.118	0.421	0.285	0.001
0.136	0.052	0.317	0.001
0.136	-0.050	0.345	0.001
0.122	0.097	0.367	0.001
0.115	0.242	0.381	0.001
0.138	0.288	0.388	0.001
0.210	0.418	0.389	0.001
0.406	0.586	0.384	0.001
0.873	0.640	0.375	0.001
1.782	0.547	0.362	0.001
3.336	0.370	0.345	0.001
5.207	0.259	0.324	0.001
6.906	0.267	0.300	0.001
7.700	0.316	0.275	0.001
7.176	0.358	0.253	0.001
5.699	0.430	0.234	0.001
3.805	0.523	0.219	0.001
2.022	0.674	0.207	0.001
0.730	0.779	0.198	0.001
0.113	0.776	0.189	0.001
0.097	0.921	0.183	0.001
0.429	1.107	0.178	0.001
0.786	1.058	0.175	0.001
0.912	0.657	0.174	0.001
0.923	0.146	0.175	0.001
0.974	-0.119	0.177	0.001
1.011	-0.001	0.181	0.001
0.935	0.285	0.184	0.001
0.711	0.425	0.188	0.001
0.491	0.334	0.192	0.001
0.547	0.200	0.194	0.001
0.836	0.221	0.195	0.001
0.982	0.401	0.195	0.001
0.909	0.608	0.193	0.001
0.627	0.713	0.190	0.001
0.375	0.683	0.185	0.001
0.345	0.522	0.181	0.001
0.405	0.283	0.177	0.001
0.374	0.061	0.173	0.001
0.233	-0.048	0.168	0.001
0.108	-0.029	0.161	0.001
0.123	0.050	0.155	0.000
0.337	0.103	0.148	0.000
0.847	0.117	0.143	0.000
1.929	0.144	0.137	0.000
3.786	0.225	0.132	0.001
6.655	0.386	0.127	0.001
10.225	0.673	0.123	0.001
13.569	1.217	0.120	0.001
15.958	2.184	0.115	0.002
17.111	3.659	0.111	0.002
17.117	5.571	0.107	0.003
16.157	7.798	0.107	0.003
14.199	10.302	0.110	0.004
11.066	13.065	0.114	0.004
7.233	15.964	0.117	0.005
3.884	18.632	0.121	0.005
2.251	20.374	0.128	0.006
2.195	20.087	0.135	0.006
3.242	16.754	0.142	0.006
5.353	10.690	0.147	0.005
9.140	4.483	0.151	0.005
15.215	2.399	0.156	0.005
22.965	8.406	0.164	0.005
30.891	24.386	0.176	0.005
39.189	49.293	0.191	0.007
50.019	79.577	0.210	0.009
64.638	110.735	0.233	0.011
77.548	138.377	0.255	0.013
86.510	157.906	0.273	0.015
90.448	164.384	0.284	0.016
92.701	154.282	0.289	0.017
96.655	128.611	0.290	0.017
102.660	93.866	0.289	0.016
108.091	59.129	0.286	0.015
109.829	31.510	0.281	0.014
107.641	13.726	0.277	0.012
103.985	5.042	0.274	0.009
100.366	3.472	0.274	0.007
95.841	7.147	0.277	0.006
86.388	14.155	0.278	0.005
67.614	21.887	0.278	0.005
40.825	27.205	0.275	0.005
15.119	27.392	0.272	0.006
2.515	21.569	0.268	0.006
9.673	11.924	0.263	0.006
32.388	3.122	0.256	0.005
59.368	-0.727	0.247	0.004
80.204	0.687	0.240	0.004
92.454	3.985	0.238	0.003
98.814	5.458	0.241	0.002
102.069	4.247	0.245	0.002
102.108	2.337	0.248	0.002
97.752	1.960	0.247	0.003
89.086	3.421	0.243	0.003
78.463	5.269	0.237	0.003
69.049	5.909	0.228	0.003
62.858	4.931	0.218	0.003
59.539	3.764	0.208	0.003
56.825	5.519	0.199	0.003
53.642	13.310	0.190	0.004
49.964	27.974	0.182	0.005
46.001	47.626	0.177	0.007
42.339	69.558	0.177	0.009
38.759	92.219	0.180	0.011
34.890	114.534	0.186	0.012
30.336	133.271	0.193	0.014
25.165	142.696	0.199	0.015
20.483	137.866	0.204	0.016
17.257	119.321	0.208	0.016
15.877	94.396	0.212	0.016
16.131	72.941	0.217	0.016
17.154	60.715	0.223	0.015
17.813	56.730	0.231	0.014
17.053	56.096	0.242	0.013
14.861	54.925	0.254	0.013
12.582	52.382	0.266	0.012
11.715	48.991	0.276	0.011
12.542	44.652	0.284	0.011
13.712	39.100	0.289	0.010
13.703	33.139	0.292	0.010
12.264	28.202	0.294	0.009
10.471	24.998	0.296	0.009
9.486	22.660	0.295	0.008
9.642	19.374	0.292	0.008
10.534	14.236	0.286	0.007
11.831	8.414	0.276	0.006
13.802	4.521	0.262	0.005
17.019	4.587	0.244	0.005
22.051	9.095	0.222	0.005
28.497	17.878	0.197	0.006
35.090	31.775	0.171	0.007
40.564	52.538	0.145	0.008
44.414	80.776	0.122	0.010
48.449	114.002	0.105	0.012
54.395	148.018	0.093	0.014
61.793	178.967	0.088	0.016
68.300	202.700	0.087	0.018
70.637	213.477	0.090	0.019
67.380	206.152	0.094	0.020
65.425	181.005	0.098	0.020
72.046	145.325	0.102	0.020
87.162	108.762	0.107	0.019
103.235	77.565	0.113	0.018
112.241	52.826	0.120	0.016
112.597	33.569	0.126	0.014
107.665	19.740	0.131	0.012
99.258	11.939	0.137	0.010
86.594	9.303	0.145	0.009
70.181	8.870	0.153	0.007
52.739	7.724	0.161	0.006
37.695	5.238	0.168	0.005
26.739	2.751	0.174	0.004
18.855	1.525	0.178	0.004
12.468	1.538	0.183	0.003
7.481	2.090	0.187	0.003
4.608	2.980	0.191	0.003
3.654	4.560	0.194	0.003
3.384	6.968	0.196	0.003
2.864	9.557	0.197	0.004
2.264	11.543	0.198	0.004
2.195	12.759	0.199	0.004
2.690	13.359	0.200	0.005
3.192	13.014	0.202	0.005
3.186	11.123	0.204	0.005
2.798	7.935	0.207	0.005
2.517	4.721	0.212	0.005
2.559	2.808	0.219	0.004
2.739	2.403	0.228	0.004
2.855	2.548	0.237	0.003
3.509	2.228	0.246	0.003
6.566	1.358	0.254	0.002
14.790	0.599	0.261	0.002
31.084	0.364	0.266	0.002
56.040	0.417	0.270	0.002
86.648	0.346	0.275	0.001
115.250	0.200	0.279	0.001
134.218	0.765	0.284	0.001
140.789	2.822	0.288	0.002
136.925	5.676	0.291	0.002
126.825	7.118	0.293	0.002
113.815	5.817	0.293	0.002
99.275	2.834	0.292	0.003
82.832	0.775	0.293	0.003
64.050	0.897	0.293	0.002
44.056	2.359	0.291	0.002
25.969	3.934	0.285	0.002
13.943	5.726	0.277	0.003
10.937	8.814	0.269	0.003
16.675	13.026	0.262	0.004
27.713	15.917	0.255	0.004
39.847	15.086	0.250	0.004
50.219	10.921	0.245	0.005
57.539	6.493	0.241	0.005
61.387	4.630	0.237	0.005
61.386	5.254	0.233	0.004
56.861	6.198	0.230	0.004
47.699	5.741	0.230	0.004
35.914	4.172	0.233	0.004
24.737	2.939	0.237	0.003
16.269	3.231	0.241	0.003
10.791	4.910	0.248	0.003
7.243	6.611	0.259	0.003
4.505	6.925	0.275	0.003
2.397	5.694	0.293	0.003
1.314	4.026	0.310	0.003
1.512	2.890	0.328	0.003
2.712	2.093	0.347	0.003
5.149	1.477	0.367	0.002
10.381	1.163	0.390	0.002
19.733	1.738	0.412	0.002
33.269	3.748	0.433	0.002
56.663	7.150	0.456	0.002
80.534	11.299	0.479	0.003
94.914	15.000	0.503	0.004
95.653	17.267	0.524	0.005
85.702	18.367	0.542	0.005
70.525	19.459	0.556	0.006
53.875	21.654	0.565	0.006
37.062	25.000	0.570	0.007
21.762	27.533	0.570	0.007
11.193	26.639	0.565	0.007
7.195	21.636	0.557	0.007
7.853	14.715	0.547	0.007
9.510	8.976	0.536	0.006
10.442	5.754	0.524	0.005
11.964	4.035	0.515	0.005
15.936	2.408	0.506	0.004
22.232	0.967	0.496	0.003
30.006	0.887	0.483	0.002
39.674	2.593	0.465	0.002
53.938	5.031	0.441	0.002
72.227	6.888	0.414	0.002
88.841	8.029	0.382	0.003
96.744	9.329	0.345	0.004
94.515	11.426	0.304	0.004
86.384	13.839	0.260	0.005
77.016	15.309	0.219	0.005
66.585	15.004	0.184	0.005
53.581	13.240	0.157	0.005
38.529	11.192	0.134	0.005
24.467	9.833	0.114	0.005
14.541	9.267	0.095	0.005
9.479	8.928	0.080	0.005
8.196	8.150	0.069	0.005
10.442	6.691	0.065	0.004
16.968	4.833	0.065	0.004
27.880	3.116	0.069	0.004
39.444	2.009	0.077	0.003
45.919	1.698	0.087	0.003
43.783	1.965	0.098	0.003
35.654	2.420	0.109	0.003
26.711	2.748	0.118	0.002
19.747	2.875	0.127	0.002
14.483	2.817	0.138	0.002
10.339	2.561	0.151	0.002
8.435	2.120	0.167	0.002
8.551	1.706	0.187	0.002
9.193	1.574	0.210	0.002
9.530	1.910	0.234	0.002
9.439	2.717	0.260	0.002
9.461	3.623	0.284	0.002
10.130	3.838	0.306	0.002
11.512	2.904	0.327	0.002
13.562	1.304	0.345	0.002
16.360	0.020	0.359	0.002
20.072	-0.323	0.368	0.002
24.406	0.107	0.374	0.001
29.001	0.624	0.376	0.001
33.401	0.742	0.378	0.001
37.763	0.618	0.381	0.001
43.284	0.834	0.386	0.001
51.307	1.978	0.391	0.001
61.738	4.358	0.399	0.002
73.209	7.972	0.411	0.003
83.144	12.339	0.432	0.004
88.034	16.737	0.459	0.004
85.838	21.187	0.488	0.005
78.755	26.029	0.513	0.006
71.183	31.363	0.530	0.007
69.199	35.493	0.540	0.007
74.027	35.429	0.548	0.008
81.192	30.773	0.557	0.008
82.083	26.645	0.568	0.008
73.008	30.655	0.576	0.008
58.432	45.444	0.578	0.009
45.615	64.853	0.574	0.009
38.220	78.390	0.569	0.010
34.117	79.789	0.564	0.011
29.786	70.995	0.558	0.011
24.198	58.269	0.551	0.011
19.104	46.012	0.543	0.011
15.881	34.805	0.538	0.011
14.005	24.290	0.535	0.010
11.723	15.729	0.535	0.009
8.464	11.121	0.535	0.008
5.361	10.691	0.535	0.007
3.615	12.163	0.538	0.007
3.129	12.935	0.541	0.006
2.996	12.252	0.543	0.006
2.757	10.959	0.545	0.005
2.714	9.870	0.546	0.005
3.409	8.753	0.548	0.005
4.467	6.889	0.550	0.004
5.334	4.227	0.549	0.004
7.169	1.665	0.547	0.004
11.643	0.171	0.546	0.003
18.605	-0.093	0.547	0.002
25.644	0.281	0.550	0.002
30.303	0.777	0.553	0.001
32.644	1.631	0.556	0.001
30.283	3.592	0.559	0.002
28.951	6.755	0.566	0.002
27.256	10.297	0.575	0.003
23.831	13.222	0.584	0.004
18.316	14.523	0.592	0.004
17.079	13.181	0.597	0.004
22.098	9.080	0.601	0.004
29.533	3.909	0.602	0.004
31.916	0.546	0.602	0.003
25.749	1.275	0.601	0.003
14.883	6.051	0.599	0.003
6.457	12.405	0.596	0.003
3.800	16.732	0.591	0.003
4.386	16.568	0.584	0.004
4.273	12.000	0.576	0.004
2.607	5.737	0.566	0.004
1.631	1.210	0.557	0.004
3.377	0.169	0.547	0.003
8.065	2.272	0.534	0.003
15.451	6.064	0.511	0.003
24.967	9.954	0.474	0.003
32.749	12.697	0.424	0.004
37.079	13.670	0.369	0.004
37.237	13.543	0.317	0.005
33.069	13.649	0.276	0.005
24.919	14.671	0.251	0.006
15.169	16.635	0.241	0.006
6.754	19.096	0.240	0.006
2.251	20.823	0.243	0.006
1.807	20.605	0.247	0.006
3.001	18.077	0.248	0.006
3.189	13.924	0.247	0.006
1.824	9.479	0.247	0.006
0.304	5.837	0.247	0.005
-0.019	3.370	0.248	0.005
0.652	1.843	0.249	0.004
1.392	0.912	0.250	0.003
1.396	0.427	0.252	0.003
1.112	0.321	0.255	0.002
1.540	0.411	0.258	0.002
3.028	0.476	0.260	0.001
5.438	0.523	0.259	0.001
7.901	0.845	0.256	0.001
10.864	1.767	0.252	0.002
14.656	3.312	0.248	0.002
18.622	5.040	0.242	0.002
21.487	6.357	0.238	0.003
22.764	6.959	0.234	0.003
23.438	6.983	0.232	0.003
24.386	6.703	0.230	0.004
25.280	6.204	0.228	0.004
24.798	5.325	0.225	0.004
22.272	4.026	0.219	0.003
18.322	2.609	0.211	0.003
14.396	1.551	0.201	0.003
11.172	1.115	0.192	0.003
8.451	1.153	0.184	0.002
5.963	1.288	0.177	0.002
4.222	1.311	0.172	0.002
3.294	1.262	0.170	0.002
2.790	1.244	0.170	0.002
2.215	1.279	0.172	0.002
1.582	1.375	0.175	0.002
1.505	1.774	0.178	0.002
2.546	2.850	0.182	0.002
4.743	4.587	0.189	0.003
7.904	6.552	0.196	0.003
12.014	8.544	0.200	0.003
17.298	11.607	0.199	0.004
24.061	18.185	0.196	0.005
31.874	30.763	0.194	0.006
39.167	48.988	0.194	0.008
45.664	68.421	0.197	0.009
50.511	83.014	0.205	0.010
52.858	89.626	0.220	0.012
53.995	89.391	0.238	0.012
54.328	85.283	0.257	0.013
53.667	78.382	0.272	0.013
51.027	67.018	0.281	0.013
46.827	49.547	0.285	0.012
44.171	28.166	0.284	0.011
46.087	9.864	0.281	0.009
51.775	2.243	0.275	0.008
54.726	7.329	0.266	0.006
46.781	20.827	0.256	0.006
28.129	38.373	0.248	0.006
10.990	59.156	0.248	0.007
10.515	77.470	0.255	0.008
30.327	78.187	0.266	0.008
58.034	54.546	0.276	0.008
76.733	24.616	0.284	0.008
79.365	16.537	0.290	0.007
73.921	38.149	0.294	0.007
74.788	68.620	0.295	0.007
87.227	80.074	0.294	0.008
102.427	65.853	0.293	0.009
108.057	45.248	0.293	0.009
99.994	40.945	0.293	0.010
82.289	56.110	0.288	0.011
66.628	75.143	0.278	0.011
62.550	83.370	0.265	0.011
66.813	81.780	0.255	0.012
67.719	83.291	0.248	0.013
57.965	99.725	0.244	0.014
40.128	131.933	0.242	0.015
22.809	167.257	0.242	0.016
12.606	185.017	0.244	0.017
9.091	169.674	0.249	0.017
7.330	124.622	0.253	0.017
4.264	71.603	0.255	0.016
1.030	33.926	0.256	0.015
-0.126	18.852	0.256	0.014
0.743	16.151	0.258	0.012
1.581	12.478	0.258	0.010
1.095	4.537	0.257	0.008
0.011	-1.741	0.254	0.006
-0.299	-1.576	0.248	0.005
0.390	2.454	0.240	0.004
1.010	4.442	0.231	0.003
0.760	2.438	0.221	0.002
0.017	-0.352	0.211	0.002
-0.266	-0.614	0.204	0.002
0.280	1.124	0.201	0.002
1.007	2.035	0.201	0.001
1.263	0.931	0.205	0.001
1.105	-0.647	0.207	0.001
1.226	-0.852	0.209	0.001
1.859	0.185	0.208	0.001
2.560	0.909	0.206	0.001
2.710	0.552	0.204	0.001
2.139	-0.017	0.202	0.001
1.287	0.380	0.198	0.001
0.660	1.692	0.193	0.001
0.382	2.767	0.188	0.001
0.265	2.712	0.185	0.002
0.148	1.718	0.184	0.002
0.065	0.651	0.183	0.002
0.080	0.128	0.181	0.001
0.160	0.116	0.178	0.001
0.263	0.236	0.176	0.001
0.470	0.247	0.176	0.001
1.227	0.180	0.179	0.001
2.745	0.149	0.184	0.000
4.903	0.209	0.191	0.001
7.011	0.401	0.201	0.001
8.310	0.782	0.212	0.001
8.438	1.300	0.222	0.001
7.299	1.685	0.229	0.001
4.981	1.596	0.231	0.001
2.225	1.013	0.229	0.001
0.136	0.430	0.226	0.001
-0.592	0.403	0.224	0.001
-0.208	0.881	0.224	0.001
0.410	1.219	0.222	0.001
0.603	0.939	0.220	0.001
0.361	0.339	0.216	0.001
0.115	0.096	0.211	0.001
0.133	0.405	0.206	0.001
0.344	0.786	0.202	0.001
0.480	0.767	0.199	0.001
0.411	0.439	0.197	0.001
0.243	0.248	0.195	0.001
0.142	0.383	0.193	0.001
0.180	0.602	0.190	0.001
0.683	0.607	0.189	0.001
2.069	0.429	0.190	0.001
4.051	0.322	0.195	0.001
6.188	0.392	0.203	0.001
8.302	0.481	0.214	0.001
10.256	0.425	0.228	0.001
11.864	0.289	0.247	0.001
12.575	0.322	0.271	0.001
11.917	0.726	0.299	0.001
9.870	1.497	0.327	0.001
7.084	2.402	0.353	0.002
4.436	3.049	0.371	0.002
2.489	3.095	0.382	0.002
1.338	2.526	0.383	0.002
0.887	1.721	0.378	0.002
1.271	1.199	0.367	0.002
2.567	1.218	0.354	0.002
4.186	1.591	0.339	0.002
5.747	1.872	0.322	0.002
7.194	1.749	0.304	0.002
7.741	1.290	0.289	0.002
7.695	0.830	0.282	0.002
7.222	0.661	0.289	0.002
6.384	0.895	0.312	0.002
5.389	1.448	0.349	0.002
4.777	2.124	0.394	0.002
4.992	2.678	0.439	0.002
6.594	2.954	0.475	0.002
10.046	3.127	0.495	0.002
15.449	3.607	0.496	0.003
22.332	4.799	0.487	0.003
29.817	6.910	0.478	0.003
36.279	9.951	0.472	0.004
40.449	13.848	0.467	0.004
42.827	18.186	0.457	0.005
44.002	21.882	0.439	0.006
44.476	24.124	0.415	0.006
44.101	25.416	0.386	0.007
42.284	27.143	0.356	0.007
38.574	30.034	0.328	0.008
34.104	33.487	0.305	0.008
29.694	36.430	0.288	0.008
25.044	37.921	0.274	0.009
19.424	37.028	0.262	0.009
13.034	32.286	0.249	0.009
7.373	23.915	0.236	0.008
3.855	15.221	0.229	0.008
2.569	9.783	0.228	0.007
2.324	8.129	0.234	0.007
2.025	7.727	0.244	0.006
1.893	6.081	0.253	0.005
3.082	3.465	0.259	0.004
6.639	1.742	0.262	0.004
12.355	1.651	0.265	0.003
18.784	2.301	0.268	0.003
23.674	3.101	0.271	0.002
25.124	5.228	0.273	0.003
22.685	9.298	0.275	0.003
17.789	12.946	0.275	0.003
12.690	12.518	0.273	0.003
9.288	7.436	0.271	0.003
7.948	1.754	0.270	0.003
7.652	0.379	0.273	0.003
7.006	3.966	0.279	0.003
5.614	8.516	0.287	0.003
4.076	9.858	0.290	0.003
3.103	7.626	0.290	0.003
2.678	4.827	0.288	0.003
2.273	3.990	0.287	0.004
1.583	4.744	0.290	0.004
0.899	5.469	0.295	0.003
0.665	5.347	0.298	0.003
0.930	4.478	0.297	0.003
1.517	3.248	0.292	0.003
2.443	1.883	0.286	0.002
4.420	0.555	0.281	0.002
8.129	-0.222	0.279	0.002
13.222	0.300	0.287	0.002
19.091	2.678	0.304	0.002
24.768	7.149	0.327	0.002
29.497	13.862	0.349	0.003
32.568	21.335	0.360	0.004
32.675	26.672	0.357	0.005
28.828	28.724	0.340	0.006
21.681	29.789	0.313	0.007
13.665	30.324	0.282	0.008
7.369	33.071	0.254	0.008
3.844	35.882	0.232	0.009
2.341	35.251	0.219	0.009
1.572	30.634	0.216	0.009
0.964	24.622	0.219	0.008
0.740	19.478	0.221	0.008
1.388	14.684	0.220	0.007
3.106	8.906	0.221	0.006
5.925	2.931	0.229	0.005
9.827	0.654	0.248	0.004
15.212	6.542	0.273	0.004
22.299	20.533	0.297	0.004
30.923	38.030	0.319	0.005
40.119	54.617	0.340	0.007
49.006	72.995	0.365	0.009
57.381	100.966	0.393	0.012
65.476	142.031	0.419	0.014
72.092	188.113	0.441	0.016
75.048	225.860	0.457	0.018
74.728	245.441	0.471	0.020
74.981	245.003	0.483	0.021
78.541	227.366	0.495	0.022
84.723	195.413	0.504	0.022
91.868	152.707	0.512	0.021
99.367	106.462	0.520	0.020
106.031	67.508	0.528	0.018
109.743	42.874	0.534	0.016
108.481	30.622	0.539	0.014
102.114	23.112	0.540	0.012
92.574	14.887	0.539	0.010
81.081	6.331	0.539	0.008
66.077	0.778	0.539	0.006
45.351	-0.354	0.540	0.005
22.711	1.231	0.542	0.004
8.868	3.611	0.545	0.003
13.048	7.203	0.549	0.003
33.883	13.966	0.554	0.004
59.359	24.907	0.557	0.005
76.362	38.123	0.559	0.006
80.792	49.301	0.559	0.008
78.258	54.851	0.559	0.009
75.124	55.011	0.560	0.010
71.377	53.947	0.562	0.010
63.427	56.319	0.562	0.011
50.818	62.472	0.559	0.011
38.126	67.473	0.553	0.012
29.899	65.524	0.547	0.012
25.909	55.374	0.543	0.011
22.514	41.298	0.542	0.011
18.004	28.824	0.542	0.010
15.651	20.192	0.543	0.009
19.513	14.188	0.543	0.008
28.369	10.007	0.539	0.007
38.372	9.830	0.531	0.006
45.251	16.635	0.522	0.006
47.823	30.325	0.517	0.006
48.197	47.607	0.517	0.007
48.116	65.554	0.522	0.008
48.042	83.224	0.526	0.010
47.571	98.895	0.528	0.012
47.480	107.873	0.525	0.013
48.302	105.909	0.522	0.014
49.164	94.503	0.520	0.014
48.592	81.087	0.518	0.014
45.593	72.819	0.513	0.014
40.556	70.348	0.507	0.014
34.433	68.129	0.498	0.013
27.569	61.162	0.490	0.013
20.025	49.652	0.482	0.012
12.547	38.046	0.475	0.011
6.679	30.020	0.469	0.011
3.449	25.530	0.464	0.010
2.493	22.031	0.460	0.009
2.440	17.633	0.457	0.008
2.439	12.594	0.454	0.007
3.055	8.440	0.452	0.006
5.619	6.109	0.451	0.006
10.844	5.326	0.450	0.005
17.669	5.082	0.450	0.005
24.241	4.568	0.450	0.004
28.872	3.626	0.448	0.004
30.984	2.863	0.443	0.003
30.839	3.278	0.434	0.003
29.183	6.087	0.423	0.004
26.875	12.814	0.411	0.004
24.244	25.088	0.398	0.006
20.659	43.699	0.386	0.007
15.515	65.559	0.376	0.008
9.437	82.473	0.370	0.010
4.265	85.190	0.369	0.011
2.081	70.762	0.373	0.011
4.248	45.739	0.379	0.011
11.378	21.738	0.384	0.010
23.658	7.738	0.391	0.009
40.244	6.518	0.402	0.008
57.951	17.739	0.417	0.007
69.162	42.466	0.437	0.007
72.575	82.505	0.458	0.009
78.219	134.950	0.478	0.011
90.509	188.682	0.496	0.014
105.067	227.767	0.514	0.016
112.955	239.681	0.530	0.018
110.940	222.064	0.545	0.020
103.538	183.104	0.558	0.020
96.745	136.387	0.568	0.020
90.648	94.419	0.574	0.019
80.065	64.008	0.576	0.018
61.978	45.121	0.574	0.016
40.090	33.160	0.570	0.014
21.244	23.409	0.563	0.012
9.461	14.162	0.557	0.010
4.254	6.668	0.549	0.008
3.726	2.635	0.541	0.006
6.987	2.049	0.531	0.005
13.695	3.361	0.519	0.004
22.688	5.111	0.507	0.003
31.973	6.911	0.493	0.003
40.255	9.093	0.479	0.003
47.777	11.776	0.463	0.004
55.131	14.688	0.447	0.005
61.820	17.647	0.429	0.005
66.815	20.911	0.410	0.006
68.067	25.106	0.390	0.007
65.557	30.890	0.369	0.007
62.793	38.521	0.347	0.008
59.630	47.421	0.326	0.009
53.213	57.403	0.308	0.010
42.638	69.955	0.293	0.011
30.809	87.048	0.280	0.012
21.670	107.036	0.268	0.013
16.759	122.955	0.257	0.014
14.578	126.604	0.247	0.015
13.166	115.523	0.238	0.015
13.276	94.145	0.229	0.015
17.041	69.478	0.220	0.014
24.765	46.175	0.210	0.013
34.486	26.085	0.200	0.012
42.864	10.966	0.187	0.010
48.623	3.724	0.172	0.009
52.156	5.252	0.156	0.007
54.136	12.086	0.140	0.006
54.054	19.031	0.125	0.006
51.508	23.916	0.113	0.006
47.157	29.909	0.103	0.007
43.214	41.900	0.098	0.008
42.030	60.112	0.098	0.009
44.208	78.971	0.104	0.010
48.084	91.767	0.115	0.012
51.216	95.444	0.130	0.012
52.138	91.636	0.145	0.013
50.334	82.514	0.156	0.013
46.936	69.424	0.162	0.013
43.836	55.421	0.168	0.013
41.976	46.338	0.176	0.013
41.275	47.015	0.184	0.012
40.678	56.194	0.189	0.012
39.682	65.922	0.188	0.012
38.189	68.371	0.184	0.012
36.242	62.215	0.183	0.012
33.380	52.690	0.188	0.012
29.523	46.526	0.199	0.012
25.395	46.996	0.212	0.012
22.198	53.444	0.223	0.012
20.610	64.201	0.235	0.012
19.968	78.208	0.246	0.012
19.200	93.786	0.259	0.013
17.983	107.004	0.272	0.014
17.043	112.708	0.282	0.014
17.463	107.801	0.290	0.015
19.813	93.871	0.296	0.015
23.622	76.281	0.303	0.015
27.710	60.821	0.311	0.014
31.161	50.537	0.318	0.013
33.677	45.322	0.326	0.013
35.412	43.789	0.334	0.012
36.461	45.412	0.341	0.012
37.508	50.813	0.348	0.011
39.125	60.491	0.356	0.012
40.981	73.823	0.364	0.012
38.563	89.035	0.371	0.013
31.774	103.221	0.377	0.013
23.329	112.564	0.381	0.014
16.359	113.085	0.384	0.015
11.524	102.876	0.385	0.015
7.649	84.575	0.384	0.015
3.879	64.279	0.380	0.014
1.610	46.901	0.373	0.013
2.946	32.957	0.362	0.012
8.062	20.582	0.349	0.010
15.058	10.305	0.334	0.008
21.801	6.519	0.318	0.007
28.351	13.739	0.301	0.006
34.991	31.996	0.284	0.006
41.720	56.887	0.269	0.007
47.944	84.036	0.256	0.009
53.656	112.503	0.242	0.011
59.144	143.609	0.228	0.014
65.246	177.452	0.212	0.016
72.157	211.932	0.196	0.018
79.947	245.065	0.180	0.020
88.270	277.020	0.163	0.022
95.606	309.050	0.146	0.024
99.137	339.219	0.128	0.025
97.091	360.096	0.112	0.026
91.058	361.671	0.096	0.027
85.946	337.430	0.084	0.027
84.661	289.049	0.074	0.027
85.361	226.499	0.068	0.026
83.274	163.334	0.066	0.024
75.064	110.337	0.065	0.022
61.885	71.242	0.065	0.020
46.985	43.551	0.063	0.017
32.200	23.132	0.060	0.014
18.099	8.249	0.057	0.012
6.831	-0.256	0.054	0.009
2.174	-2.006	0.051	0.007
6.611	0.654	0.048	0.005
18.649	3.982	0.046	0.004
33.541	5.834	0.044	0.003
46.946	6.542	0.043	0.003
57.728	7.050	0.044	0.003
67.265	7.163	0.045	0.003
74.725	6.212	0.048	0.003
75.715	4.684	0.053	0.004
67.691	4.129	0.061	0.004
53.211	5.263	0.070	0.004
38.079	6.826	0.081	0.004
27.747	7.051	0.090	0.004
22.879	5.967	0.098	0.004
21.099	5.696	0.103	0.004
18.825	8.459	0.108	0.004
14.503	14.576	0.112	0.005
9.281	22.441	0.115	0.005
5.049	29.547	0.117	0.006
2.745	32.962	0.118	0.006
1.972	30.267	0.118	0.007
1.826	21.824	0.118	0.007
1.741	11.603	0.117	0.007
1.661	4.430	0.116	0.006
1.780	2.208	0.115	0.006
2.199	3.018	0.115	0.005
3.064	3.663	0.115	0.004
4.664	2.747	0.115	0.003
7.601	1.162	0.114	0.003
12.282	0.323	0.112	0.002
18.223	0.607	0.107	0.002
24.560	1.374	0.101	0.002
29.554	2.031	0.093	0.002
31.601	2.524	0.083	0.002
30.213	2.836	0.074	0.002
26.220	2.671	0.066	0.002
20.956	1.902	0.061	0.002
15.484	1.001	0.060	0.002
10.430	0.775	0.059	0.002
6.244	1.724	0.057	0.002
3.248	3.618	0.056	0.002
1.522	5.498	0.058	0.002
0.746	6.206	0.061	0.002
0.422	5.287	0.064	0.003
0.221	3.373	0.066	0.003
0.110	1.630	0.068	0.003
0.137	0.795	0.073	0.003
0.233	0.725	0.081	0.002
0.265	0.795	0.093	0.002
0.197	0.613	0.106	0.002
0.127	0.294	0.119	0.001
0.138	0.140	0.133	0.001
0.198	0.213	0.148	0.001
0.211	0.306	0.163	0.001
0.141	0.254	0.180	0.001
0.054	0.114	0.197	0.001
0.027	0.040	0.216	0.001
0.089	0.070	0.237	0.001
0.288	0.111	0.260	0.001
0.698	0.086	0.285	0.001
1.411	0.054	0.313	0.001
2.438	0.165	0.345	0.001
3.587	0.525	0.379	0.001
4.617	1.117	0.414	0.001
5.205	1.785	0.449	0.001
5.078	2.312	0.480	0.002
4.273	2.513	0.509	0.002
3.072	2.361	0.534	0.002
1.903	2.088	0.554	0.002
1.076	1.952	0.567	0.002
0.649	1.872	0.571	0.002
0.437	1.530	0.567	0.002
0.268	0.843	0.560	0.002
0.114	0.131	0.552	0.001
0.031	-0.212	0.542	0.001
0.040	-0.107	0.530	0.001
0.085	0.177	0.514	0.001
0.098	0.328	0.496	0.001
0.072	0.282	0.476	0.001
0.053	0.189	0.454	0.000
0.072	0.189	0.429	0.001
0.104	0.262	0.400	0.001
0.111	0.307	0.367	0.001
0.097	0.277	0.331	0.001
0.084	0.214	0.293	0.001
0.084	0.171	0.257	0.001
0.088	0.158	0.227	0.001
0.083	0.155	0.207	0.001
0.073	0.151	0.201	0.001
0.073	0.153	0.211	0.001
0.083	0.160	0.233	0.001
0.093	0.158	0.262	0.001
0.103	0.133	0.291	0.001
0.113	0.093	0.314	0.001
0.126	0.058	0.327	0.000
0.128	0.038	0.330	0.000
0.115	0.029	0.325	0.000
0.086	0.020	0.318	0.000
0.057	0.009	0.314	0.000
0.038	0.001	0.319	0.000
0.030	0.004	0.330	0.000
0.025	0.013	0.343	0.000
0.019	0.021	0.354	0.000
0.015	0.023	0.361	0.000
0.028	0.024	0.368	0.000
0.048	0.026	0.375	0.000
0.069	0.030	0.383	0.000
0.130	0.032	0.389	0.000
0.275	0.031	0.391	0.000
0.555	0.043	0.387	0.000
1.080	0.096	0.376	0.000
1.986	0.200	0.359	0.000
3.406	0.323	0.334	0.001
5.288	0.417	0.300	0.001
7.397	0.441	0.259	0.001
9.354	0.384	0.216	0.001
10.845	0.275	0.178	0.001
11.692	0.179	0.148	0.001
12.026	0.147	0.126	0.001
12.126	0.184	0.113	0.001
12.146	0.275	0.109	0.001
11.950	0.426	0.114	0.001
11.358	0.711	0.128	0.001
10.338	1.238	0.148	0.001
9.132	2.060	0.171	0.002
8.080	3.109	0.193	0.002
7.321	4.258	0.215	0.002
6.737	5.362	0.237	0.003
6.145	6.304	0.258	0.003
5.595	7.010	0.277	0.003
5.302	7.528	0.296	0.004
5.363	8.064	0.314	0.004
5.612	8.882	0.333	0.004
5.768	10.063	0.353	0.004
5.653	11.407	0.376	0.005
5.291	12.542	0.404	0.005
4.871	13.114	0.439	0.005
4.616	12.953	0.480	0.005
4.683	12.109	0.523	0.005
5.097	10.811	0.565	0.005
5.729	9.406	0.606	0.005
6.316	8.209	0.644	0.005
6.666	7.361	0.676	0.005
6.737	6.789	0.697	0.005
6.634	6.283	0.709	0.004
6.427	5.670	0.718	0.004
6.066	4.909	0.729	0.004
5.458	4.068	0.740	0.004
4.616	3.231	0.748	0.003
3.652	2.448	0.750	0.003
2.832	1.745	0.747	0.003
2.358	1.153	0.744	0.002
2.337	0.715	0.742	0.002
2.591	0.467	0.739	0.002
2.708	0.447	0.733	0.002
2.335	0.769	0.729	0.002
1.591	1.121	0.731	0.002
0.854	1.211	0.738	0.002
0.445	0.992	0.745	0.002
0.384	0.635	0.747	0.002
0.464	0.386	0.744	0.002
0.465	0.426	0.741	0.001
0.354	0.580	0.742	0.001
0.221	0.570	0.748	0.001
0.139	0.339	0.757	0.001
0.107	0.076	0.768	0.001
0.086	-0.021	0.780	0.000
0.064	0.062	0.791	0.000
0.049	0.172	0.800	0.000
0.048	0.176	0.803	0.001
0.049	0.091	0.802	0.000
0.042	0.021	0.801	0.000
0.028	0.020	0.802	0.000
0.021	0.051	0.804	0.000
0.023	0.057	0.806	0.000
0.028	0.035	0.806	0.000
0.029	0.022	0.805	0.000
0.028	0.038	0.804	0.000
0.029	0.057	0.804	0.000
0.034	0.050	0.803	0.000
0.040	0.021	0.799	0.000
0.040	0.001	0.795	0.000
0.032	0.008	0.791	0.000
0.024	0.028	0.788	0.000
0.021	0.038	0.785	0.000
0.022	0.033	0.781	0.000
0.024	0.028	0.778	0.000
0.025	0.033	0.776	0.000
0.023	0.043	0.774	0.000
0.020	0.047	0.772	0.000
0.019	0.042	0.771	0.000
0.019	0.040	0.770	0.000
0.020	0.049	0.769	0.000
0.020	0.065	0.768	0.000
0.020	0.077	0.766	0.000
0.020	0.078	0.764	0.000
0.018	0.068	0.762	0.000
0.014	0.053	0.760	0.000
0.011	0.040	0.760	0.000
0.011	0.031	0.759	0.000
0.014	0.027	0.760	0.000
0.016	0.024	0.760	0.000
0.018	0.020	0.760	0.000
0.018	0.015	0.760	0.000
0.018	0.014	0.760	0.000
0.019	0.019	0.759	0.000
0.020	0.029	0.759	0.000
0.020	0.038	0.759	0.000
0.022	0.044	0.759	0.000
0.023	0.044	0.760	0.000
0.020	0.041	0.763	0.000
0.016	0.036	0.767	0.000
0.011	0.033	0.771	0.000
0.012	0.036	0.774	0.000
0.017	0.042	0.777	0.000
0.022	0.046	0.780	0.000
0.024	0.047	0.782	0.000
0.022	0.043	0.782	0.000
0.020	0.041	0.780	0.000
0.021	0.044	0.777	0.000
0.030	0.056	0.774	0.000
0.041	0.073	0.773	0.000
0.051	0.090	0.772	0.000
0.057	0.103	0.770	0.000
0.062	0.113	0.768	0.000
0.070	0.129	0.764	0.000
0.076	0.148	0.761	0.001
0.081	0.160	0.757	0.001
0.106	0.161	0.752	0.001
0.212	0.152	0.746	0.001
0.321	0.145	0.738	0.001
0.363	0.142	0.727	0.001
0.481	0.136	0.715	0.001
0.589	0.116	0.702	0.001
0.549	0.089	0.688	0.001
0.325	0.076	0.674	0.000
0.097	0.085	0.655	0.000
0.074	0.097	0.626	0.000
0.249	0.084	0.586	0.000
0.404	0.049	0.543	0.000
0.359	0.027	0.503	0.000
0.158	0.050	0.471	0.000
-0.007	0.086	0.445	0.000
-0.017	0.097	0.425	0.000
0.059	0.065	0.410	0.000
0.087	0.018	0.398	0.000
0.037	-0.003	0.388	0.000
-0.009	0.011	0.377	0.000
0.015	0.039	0.362	0.000
0.085	0.067	0.344	0.000
0.127	0.112	0.324	0.000
0.109	0.200	0.304	0.000
0.069	0.310	0.287	0.001
0.054	0.375	0.274	0.001
0.068	0.339	0.264	0.001
0.085	0.222	0.257	0.001
0.084	0.105	0.255	0.001
0.081	0.054	0.260	0.001
0.097	0.065	0.275	0.001
0.127	0.086	0.301	0.001
0.152	0.082	0.334	0.000
0.155	0.060	0.365	0.000
0.135	0.049	0.387	0.000
0.110	0.060	0.399	0.000
0.090	0.075	0.402	0.000
0.075	0.078	0.400	0.000
0.060	0.069	0.398	0.000
0.045	0.060	0.396	0.000
0.035	0.059	0.396	0.000
0.032	0.061	0.398	0.000
0.033	0.059	0.402	0.000
0.032	0.050	0.408	0.000
0.028	0.041	0.413	0.000
0.026	0.040	0.417	0.000
0.031	0.045	0.419	0.000
0.043	0.049	0.420	0.000
0.059	0.049	0.421	0.000
0.078	0.047	0.423	0.000
0.096	0.048	0.425	0.000
0.110	0.051	0.428	0.000
0.113	0.051	0.432	0.000
0.106	0.045	0.436	0.000
0.087	0.036	0.439	0.000
0.061	0.030	0.441	0.000
0.037	0.034	0.442	0.000
0.019	0.046	0.442	0.000
0.012	0.061	0.440	0.000
0.014	0.072	0.438	0.000
0.019	0.079	0.434	0.000
0.022	0.084	0.430	0.000
0.024	0.090	0.425	0.000
0.027	0.100	0.420	0.000
0.029	0.120	0.416	0.000
0.028	0.148	0.412	0.001
0.024	0.176	0.409	0.001
0.021	0.193	0.406	0.001
0.021	0.197	0.404	0.001
0.022	0.197	0.403	0.001
0.021	0.201	0.404	0.001
0.018	0.209	0.406	0.001
0.015	0.210	0.410	0.001
0.015	0.195	0.414	0.001
0.018	0.168	0.418	0.001
0.021	0.139	0.421	0.001
0.020	0.119	0.425	0.001
0.018	0.109	0.429	0.001
0.015	0.105	0.433	0.001
