test video:in\cora5_input.txt accuracy:0.34742148119426136 precision:0.11529845829490051 recall:0.9798432250839866 f1:0.20631926432445177 prediction:[  300.   330.   340.   410.   460.   470.   480.   550.   570.   580.
   620.   650.   670.   680.   690.   700.   750.   760.   770.   780.
   880.   920.   940.   960.   970.   980.  1030.  1040.  1090.  1120.
  1180.  1250.  1280.  1340.  1440.  1660.  1690.  1820.  1840.  1960.
  1970.  1990.  2050.  2260.  2300.  2420.  2470.  2510.  2530.  2560.
  2600.  3060.  3340.  3410.  3450.  3860.  3890.  3960.  3970.  3990.
  4000.  4010.  4020.  4090.  4100.  4120.  4130.  4210.  4240.  4260.
  4270.  4300.  4310.  4320.  4330.  4350.  4420.  4450.  4480.  4490.
  4510.  4520.  4530.  4550.  4620.  4650.  4660.  4680.  4710.  4720.
  4750.  4820.  4860.  4900.  4920.  4940.  4950.  4980.  5020.  5050.
  5060.  5080.  5090.  5100.  5230.  5260.  5270.  5310.  5320.  5600.
  5620.  5720.  5780.  5810.  5830.  5870.  5880.  5900.  6000.  6010.
  6200.  6250.  6380.  6430.  6470.  6490.  6500.  6510.  6550.  6560.
  6570.  6580.  6590.  6600.  6650.  6660.  6730.  6790.  6840.  6890.
  7000.  7040.  7090.  7510.  7700.  7720.  7740.  7880.  7930.  7990.
  8020.  8070.  8120.  8270.  8310.  8410.  8420.  8460.  8520.  8540.
  8560.  8620.  8630.  8660.  8680.  8730.  8740.  8780.  8930.  8990.
  9130.  9250.  9270.  9440.  9820.  9860. 10010. 10020. 10080. 10090.
 10160. 10200. 10210. 10220. 10230. 10270. 10315.] 
MEAN VALUES
mean accuracy:0.34742148119426136 mean precision:0.11529845829490051 mean recall:0.9798432250839866 mean f1:0.20631926432445177 score:0.3904941016014905 pen:20 size:10 
test video:in\marianne7_input.txt accuracy:0.44057698338037005 precision:0.24337785827484718 recall:0.8262874711760184 f1:0.37600559636236447 prediction:[1240. 1300. 1340. 1350. 1360. 1400. 1660. 1830. 1920. 1940. 2090. 2100.
 2110. 2120. 2130. 2140. 2160. 2210. 2280. 2290. 2370. 2410. 2420. 2430.
 2440. 2470. 2490. 2520. 2570. 2590. 2610. 2640. 2690. 2700. 2780. 2820.
 2830. 2840. 2850. 2930. 2990. 3000. 3010. 3040. 3050. 3110. 3160. 3200.
 3210. 3220. 3260. 3380. 3400. 3450. 3470. 3490. 3510. 3530. 3600. 3630.
 3690. 3720. 3740. 3750. 3780. 3800. 3890. 3920. 3960. 3970. 4030. 4050.
 4060. 4170. 4200. 4240. 4250. 4330. 4360. 4400. 4450. 4460. 4470. 4500.
 4510. 4530. 4570. 4580. 4690. 4890. 4950. 4970. 4980. 5060. 5080. 5100.
 5110. 5130. 5150. 5160. 5200. 5210. 5220. 5240. 5320. 5330. 5340. 5350.
 5380. 5420. 5430. 5450. 5460. 5490. 5740. 5750. 5810. 5850. 6160. 6170.
 6200. 6220. 6240. 6260. 6280. 6300. 6320. 6377.] 
MEAN VALUES
mean accuracy:0.44057698338037005 mean precision:0.24337785827484718 mean recall:0.8262874711760184 mean f1:0.37600559636236447 score:0.3828889498678975 pen:30 size:10 
