test video:in\cora1_input.txt accuracy:0.1305464736104624 precision:0.12925859515085367 recall:1.0 f1:0.2289264756644805 prediction:[   30.    60.   100. ... 12790. 12810. 12845.] 
MEAN VALUES
mean accuracy:0.1305464736104624 mean precision:0.12925859515085367 mean recall:1.0 mean f1:0.2289264756644805 score:0.4159893509504728 pen:40 size:10 
test video:in\cora4_input.txt accuracy:0.23334101913765276 precision:0.2009132420091324 recall:1.0 f1:0.33460076045627374 prediction:[  30.   60.   80.  110.  120.  130.  310.  440.  570.  710.  720.  730.
  740.  750.  760.  770.  780.  790.  800.  810.  820.  860.  950.  960.
  970.  980.  990. 1000. 1010. 1020. 1030. 1040. 1050. 1060. 1070. 1080.
 1090. 1100. 1110. 1120. 1130. 1140. 1150. 1160. 1180. 1260. 1270. 1280.
 1290. 1300. 1310. 1320. 1330. 1340. 1350. 1360. 1370. 1380. 1390. 1400.
 1410. 1420. 1430. 1440. 1450. 1460. 1470. 1480. 1490. 1500. 1510. 1520.
 1530. 1540. 1550. 1560. 1570. 1580. 1590. 1600. 1610. 1620. 1630. 1640.
 1650. 1660. 1670. 1680. 1690. 1700. 1710. 1720. 1730. 1740. 1750. 1760.
 1770. 1780. 1790. 1800. 1810. 1820. 1830. 1840. 1850. 1860. 1870. 1880.
 1890. 1900. 1910. 1920. 1930. 1940. 1950. 1960. 1970. 1980. 1990. 2000.
 2010. 2020. 2030. 2040. 2050. 2060. 2070. 2080. 2090. 2100. 2110. 2120.
 2130. 2140. 2150. 2160. 2170. 2180. 2190. 2200. 2210. 2220. 2230. 2240.
 2250. 2260. 2270. 2280. 2290. 2300. 2310. 2320. 2330. 2340. 2350. 2360.
 2370. 2380. 2390. 2400. 2410. 2420. 2430. 2440. 2450. 2460. 2470. 2480.
 2490. 2500. 2510. 2520. 2530. 2540. 2550. 2560. 2570. 2580. 2590. 2600.
 2610. 2620. 2630. 2640. 2650. 2660. 2670. 2680. 2690. 2700. 2710. 2720.
 2730. 2740. 2750. 2760. 2770. 2780. 2790. 2800. 2810. 2820. 2830. 2840.
 2850. 2860. 2870. 2880. 2890. 2900. 2910. 2920. 2930. 2940. 2950. 2960.
 2970. 2980. 2990. 3000. 3010. 3020. 3030. 3040. 3050. 3060. 3070. 3080.
 3090. 3100. 3110. 3120. 3130. 3140. 3150. 3160. 3170. 3180. 3190. 3200.
 3210. 3220. 3230. 3240. 3250. 3260. 3270. 3280. 3290. 3300. 3310. 3320.
 3330. 3340. 3350. 3360. 3370. 3380. 3390. 3400. 3410. 3420. 3430. 3440.
 3450. 3460. 3470. 3480. 3490. 3500. 3510. 3520. 3530. 3540. 3550. 3560.
 3570. 3580. 3590. 3600. 3610. 3620. 3630. 3640. 3650. 3660. 3670. 3680.
 3690. 3700. 3710. 3720. 3730. 3740. 3750. 3760. 3770. 3780. 3790. 3800.
 3810. 3820. 3830. 3840. 3850. 3860. 3870. 3880. 3890. 3900. 3910. 3920.
 3930. 3940. 3950. 3960. 3970. 3980. 3990. 4000. 4010. 4020. 4030. 4040.
 4050. 4060. 4070. 4080. 4090. 4100. 4110. 4120. 4130. 4140. 4150. 4160.
 4170. 4180. 4190. 4200. 4210. 4220. 4230. 4240. 4250. 4260. 4270. 4280.
 4290. 4300. 4310. 4320. 4336.] 
MEAN VALUES
mean accuracy:0.23334101913765276 mean precision:0.2009132420091324 mean recall:1.0 mean f1:0.33460076045627374 score:0.4104275464877469 pen:40 size:10 
test video:in\cora5_input.txt accuracy:0.08840635905389686 precision:0.08672428862775566 recall:1.0 f1:0.15960679177837356 prediction:[1.0000e+01 3.0000e+01 4.0000e+01 1.3000e+02 1.7000e+02 2.9000e+02
 3.0000e+02 3.1000e+02 3.2000e+02 3.3000e+02 3.4000e+02 3.5000e+02
 4.5000e+02 4.6000e+02 4.7000e+02 4.8000e+02 4.9000e+02 5.0000e+02
 5.1000e+02 5.2000e+02 5.3000e+02 5.4000e+02 5.5000e+02 5.6000e+02
 5.7000e+02 5.8000e+02 5.9000e+02 6.0000e+02 6.1000e+02 6.2000e+02
 6.3000e+02 6.4000e+02 6.5000e+02 6.6000e+02 6.7000e+02 6.8000e+02
 6.9000e+02 7.0000e+02 7.1000e+02 7.2000e+02 7.3000e+02 7.4000e+02
 7.5000e+02 7.6000e+02 7.7000e+02 7.8000e+02 7.9000e+02 8.0000e+02
 8.1000e+02 8.2000e+02 8.3000e+02 8.4000e+02 8.5000e+02 8.6000e+02
 8.7000e+02 8.8000e+02 8.9000e+02 9.0000e+02 9.1000e+02 9.2000e+02
 9.3000e+02 9.4000e+02 9.5000e+02 9.6000e+02 9.7000e+02 9.8000e+02
 9.9000e+02 1.0000e+03 1.0100e+03 1.0200e+03 1.0300e+03 1.0400e+03
 1.0500e+03 1.0600e+03 1.0700e+03 1.0800e+03 1.0900e+03 1.1000e+03
 1.1100e+03 1.1200e+03 1.1300e+03 1.1400e+03 1.1500e+03 1.1600e+03
 1.1700e+03 1.1800e+03 1.1900e+03 1.2000e+03 1.2100e+03 1.2200e+03
 1.2300e+03 1.2400e+03 1.2500e+03 1.2600e+03 1.2700e+03 1.2800e+03
 1.2900e+03 1.3000e+03 1.3200e+03 1.3300e+03 1.3400e+03 1.3500e+03
 1.3600e+03 1.3700e+03 1.3800e+03 1.3900e+03 1.4000e+03 1.4100e+03
 1.4200e+03 1.4300e+03 1.4400e+03 1.4500e+03 1.4600e+03 1.4700e+03
 1.4800e+03 1.4900e+03 1.5000e+03 1.5100e+03 1.5200e+03 1.5300e+03
 1.5400e+03 1.5500e+03 1.5600e+03 1.5700e+03 1.5800e+03 1.5900e+03
 1.6000e+03 1.6100e+03 1.6200e+03 1.6300e+03 1.6400e+03 1.6500e+03
 1.6600e+03 1.6700e+03 1.6800e+03 1.6900e+03 1.7000e+03 1.7100e+03
 1.7300e+03 1.7400e+03 1.7500e+03 1.7600e+03 1.7700e+03 1.7800e+03
 1.7900e+03 1.8000e+03 1.8100e+03 1.8200e+03 1.8300e+03 1.8400e+03
 1.8500e+03 1.8600e+03 1.8700e+03 1.8800e+03 1.8900e+03 1.9000e+03
 1.9100e+03 1.9200e+03 1.9300e+03 1.9400e+03 1.9500e+03 1.9600e+03
 1.9700e+03 1.9800e+03 1.9900e+03 2.0000e+03 2.0100e+03 2.0200e+03
 2.0300e+03 2.0400e+03 2.0500e+03 2.0700e+03 2.0800e+03 2.0900e+03
 2.1000e+03 2.1100e+03 2.1200e+03 2.1300e+03 2.1400e+03 2.1700e+03
 2.1900e+03 2.2100e+03 2.2300e+03 2.2400e+03 2.2500e+03 2.2600e+03
 2.2700e+03 2.2800e+03 2.3000e+03 2.3100e+03 2.3200e+03 2.3400e+03
 2.3500e+03 2.3600e+03 2.3700e+03 2.3800e+03 2.4100e+03 2.4200e+03
 2.4300e+03 2.4400e+03 2.4500e+03 2.4600e+03 2.4700e+03 2.4800e+03
 2.4900e+03 2.5000e+03 2.5100e+03 2.5200e+03 2.5300e+03 2.5400e+03
 2.5500e+03 2.5600e+03 2.5700e+03 2.6000e+03 2.6100e+03 2.6200e+03
 2.6300e+03 2.6500e+03 2.6600e+03 2.6800e+03 2.6900e+03 2.7000e+03
 2.7100e+03 2.7200e+03 2.7300e+03 2.7400e+03 2.7500e+03 2.7800e+03
 2.7900e+03 2.8000e+03 2.8100e+03 2.8200e+03 2.8300e+03 2.8400e+03
 2.8500e+03 2.8700e+03 2.8800e+03 2.8900e+03 2.9000e+03 2.9100e+03
 2.9200e+03 2.9300e+03 2.9400e+03 2.9500e+03 2.9600e+03 2.9800e+03
 2.9900e+03 3.0000e+03 3.0100e+03 3.0200e+03 3.0300e+03 3.0400e+03
 3.0500e+03 3.0600e+03 3.0700e+03 3.0800e+03 3.0900e+03 3.1000e+03
 3.1100e+03 3.1200e+03 3.1300e+03 3.1400e+03 3.1500e+03 3.1600e+03
 3.1700e+03 3.1800e+03 3.1900e+03 3.2000e+03 3.2100e+03 3.2200e+03
 3.2300e+03 3.2400e+03 3.2500e+03 3.2600e+03 3.2700e+03 3.2800e+03
 3.2900e+03 3.3000e+03 3.3100e+03 3.3200e+03 3.3300e+03 3.3400e+03
 3.3500e+03 3.3600e+03 3.3700e+03 3.3800e+03 3.3900e+03 3.4000e+03
 3.4100e+03 3.4200e+03 3.4300e+03 3.4400e+03 3.4500e+03 3.4600e+03
 3.4700e+03 3.4800e+03 3.4900e+03 3.5000e+03 3.5100e+03 3.5200e+03
 3.5300e+03 3.5400e+03 3.5500e+03 3.5600e+03 3.5700e+03 3.5800e+03
 3.5900e+03 3.6000e+03 3.6100e+03 3.6200e+03 3.6300e+03 3.6400e+03
 3.6500e+03 3.6600e+03 3.6700e+03 3.6800e+03 3.6900e+03 3.7000e+03
 3.7100e+03 3.7200e+03 3.7300e+03 3.7400e+03 3.7500e+03 3.7600e+03
 3.7700e+03 3.7800e+03 3.7900e+03 3.8000e+03 3.8100e+03 3.8200e+03
 3.8300e+03 3.8400e+03 3.8500e+03 3.8600e+03 3.8700e+03 3.8800e+03
 3.8900e+03 3.9000e+03 3.9100e+03 3.9200e+03 3.9300e+03 3.9500e+03
 3.9600e+03 3.9700e+03 3.9800e+03 3.9900e+03 4.0000e+03 4.0100e+03
 4.0200e+03 4.0300e+03 4.0400e+03 4.0500e+03 4.0600e+03 4.0700e+03
 4.0800e+03 4.0900e+03 4.1000e+03 4.1100e+03 4.1200e+03 4.1300e+03
 4.1400e+03 4.1500e+03 4.1600e+03 4.1700e+03 4.1800e+03 4.1900e+03
 4.2000e+03 4.2100e+03 4.2200e+03 4.2300e+03 4.2400e+03 4.2500e+03
 4.2600e+03 4.2700e+03 4.2800e+03 4.2900e+03 4.3000e+03 4.3100e+03
 4.3200e+03 4.3300e+03 4.3400e+03 4.3500e+03 4.3600e+03 4.3700e+03
 4.3800e+03 4.3900e+03 4.4000e+03 4.4100e+03 4.4200e+03 4.4300e+03
 4.4400e+03 4.4500e+03 4.4600e+03 4.4700e+03 4.4800e+03 4.4900e+03
 4.5000e+03 4.5100e+03 4.5200e+03 4.5300e+03 4.5400e+03 4.5500e+03
 4.5600e+03 4.5700e+03 4.5800e+03 4.5900e+03 4.6000e+03 4.6100e+03
 4.6200e+03 4.6300e+03 4.6400e+03 4.6500e+03 4.6600e+03 4.6700e+03
 4.6800e+03 4.6900e+03 4.7000e+03 4.7100e+03 4.7200e+03 4.7300e+03
 4.7400e+03 4.7500e+03 4.7600e+03 4.7700e+03 4.7800e+03 4.7900e+03
 4.8000e+03 4.8100e+03 4.8200e+03 4.8300e+03 4.8400e+03 4.8500e+03
 4.8600e+03 4.8700e+03 4.8800e+03 4.8900e+03 4.9000e+03 4.9100e+03
 4.9200e+03 4.9300e+03 4.9400e+03 4.9500e+03 4.9600e+03 4.9700e+03
 4.9800e+03 4.9900e+03 5.0000e+03 5.0100e+03 5.0200e+03 5.0300e+03
 5.0400e+03 5.0500e+03 5.0600e+03 5.0700e+03 5.0800e+03 5.0900e+03
 5.1000e+03 5.1100e+03 5.1200e+03 5.1300e+03 5.1400e+03 5.1500e+03
 5.1600e+03 5.1700e+03 5.1800e+03 5.1900e+03 5.2000e+03 5.2100e+03
 5.2200e+03 5.2300e+03 5.2400e+03 5.2500e+03 5.2600e+03 5.2700e+03
 5.2800e+03 5.2900e+03 5.3000e+03 5.3100e+03 5.3200e+03 5.3300e+03
 5.3400e+03 5.3500e+03 5.3600e+03 5.3700e+03 5.3800e+03 5.3900e+03
 5.4000e+03 5.4100e+03 5.4200e+03 5.4300e+03 5.4400e+03 5.4500e+03
 5.4600e+03 5.4700e+03 5.4900e+03 5.5000e+03 5.5100e+03 5.5200e+03
 5.5300e+03 5.5400e+03 5.5500e+03 5.5600e+03 5.5700e+03 5.5800e+03
 5.5900e+03 5.6000e+03 5.6100e+03 5.6200e+03 5.6300e+03 5.6400e+03
 5.6500e+03 5.6600e+03 5.6700e+03 5.6800e+03 5.6900e+03 5.7000e+03
 5.7100e+03 5.7200e+03 5.7300e+03 5.7400e+03 5.7500e+03 5.7600e+03
 5.7700e+03 5.7800e+03 5.7900e+03 5.8000e+03 5.8100e+03 5.8200e+03
 5.8300e+03 5.8400e+03 5.8500e+03 5.8600e+03 5.8700e+03 5.8800e+03
 5.8900e+03 5.9000e+03 5.9100e+03 5.9200e+03 5.9300e+03 5.9400e+03
 5.9500e+03 5.9600e+03 5.9700e+03 5.9800e+03 5.9900e+03 6.0000e+03
 6.0100e+03 6.0200e+03 6.0300e+03 6.0400e+03 6.0500e+03 6.0600e+03
 6.0700e+03 6.0800e+03 6.0900e+03 6.1000e+03 6.1100e+03 6.1200e+03
 6.1300e+03 6.1400e+03 6.1500e+03 6.1600e+03 6.1700e+03 6.1800e+03
 6.1900e+03 6.2000e+03 6.2100e+03 6.2200e+03 6.2300e+03 6.2400e+03
 6.2500e+03 6.2600e+03 6.2700e+03 6.2800e+03 6.2900e+03 6.3000e+03
 6.3100e+03 6.3200e+03 6.3300e+03 6.3400e+03 6.3500e+03 6.3600e+03
 6.3700e+03 6.3800e+03 6.3900e+03 6.4000e+03 6.4100e+03 6.4200e+03
 6.4300e+03 6.4400e+03 6.4500e+03 6.4600e+03 6.4700e+03 6.4800e+03
 6.4900e+03 6.5000e+03 6.5100e+03 6.5200e+03 6.5300e+03 6.5400e+03
 6.5500e+03 6.5600e+03 6.5700e+03 6.5800e+03 6.5900e+03 6.6000e+03
 6.6100e+03 6.6200e+03 6.6300e+03 6.6400e+03 6.6500e+03 6.6600e+03
 6.6700e+03 6.6800e+03 6.6900e+03 6.7000e+03 6.7100e+03 6.7200e+03
 6.7300e+03 6.7400e+03 6.7500e+03 6.7600e+03 6.7700e+03 6.7800e+03
 6.7900e+03 6.8000e+03 6.8100e+03 6.8200e+03 6.8300e+03 6.8400e+03
 6.8500e+03 6.8600e+03 6.8700e+03 6.8800e+03 6.8900e+03 6.9000e+03
 6.9100e+03 6.9200e+03 6.9300e+03 6.9400e+03 6.9500e+03 6.9600e+03
 6.9700e+03 6.9800e+03 6.9900e+03 7.0000e+03 7.0100e+03 7.0200e+03
 7.0300e+03 7.0400e+03 7.0500e+03 7.0600e+03 7.0700e+03 7.0800e+03
 7.0900e+03 7.1000e+03 7.1100e+03 7.1200e+03 7.1300e+03 7.1400e+03
 7.1500e+03 7.1600e+03 7.1700e+03 7.1800e+03 7.1900e+03 7.2000e+03
 7.2100e+03 7.2200e+03 7.2300e+03 7.2400e+03 7.2500e+03 7.2600e+03
 7.2700e+03 7.2800e+03 7.2900e+03 7.3000e+03 7.3100e+03 7.3200e+03
 7.3300e+03 7.3400e+03 7.3500e+03 7.3600e+03 7.3700e+03 7.3800e+03
 7.3900e+03 7.4000e+03 7.4100e+03 7.4200e+03 7.4300e+03 7.4400e+03
 7.4500e+03 7.4600e+03 7.4700e+03 7.4800e+03 7.4900e+03 7.5000e+03
 7.5100e+03 7.5200e+03 7.5300e+03 7.5400e+03 7.5500e+03 7.5600e+03
 7.5700e+03 7.5800e+03 7.5900e+03 7.6000e+03 7.6100e+03 7.6200e+03
 7.6300e+03 7.6400e+03 7.6500e+03 7.6600e+03 7.6700e+03 7.6800e+03
 7.6900e+03 7.7000e+03 7.7100e+03 7.7200e+03 7.7300e+03 7.7400e+03
 7.7500e+03 7.7600e+03 7.7700e+03 7.7800e+03 7.7900e+03 7.8000e+03
 7.8100e+03 7.8200e+03 7.8300e+03 7.8400e+03 7.8500e+03 7.8600e+03
 7.8700e+03 7.8800e+03 7.8900e+03 7.9000e+03 7.9100e+03 7.9200e+03
 7.9300e+03 7.9400e+03 7.9500e+03 7.9600e+03 7.9700e+03 7.9800e+03
 7.9900e+03 8.0000e+03 8.0100e+03 8.0200e+03 8.0300e+03 8.0400e+03
 8.0500e+03 8.0600e+03 8.0700e+03 8.0800e+03 8.0900e+03 8.1000e+03
 8.1100e+03 8.1200e+03 8.1300e+03 8.1400e+03 8.1500e+03 8.1600e+03
 8.1700e+03 8.1800e+03 8.1900e+03 8.2000e+03 8.2100e+03 8.2200e+03
 8.2300e+03 8.2400e+03 8.2500e+03 8.2600e+03 8.2700e+03 8.2800e+03
 8.2900e+03 8.3000e+03 8.3100e+03 8.3200e+03 8.3300e+03 8.3400e+03
 8.3500e+03 8.3600e+03 8.3700e+03 8.3800e+03 8.3900e+03 8.4000e+03
 8.4100e+03 8.4200e+03 8.4300e+03 8.4400e+03 8.4500e+03 8.4600e+03
 8.4700e+03 8.4800e+03 8.4900e+03 8.5000e+03 8.5100e+03 8.5200e+03
 8.5300e+03 8.5400e+03 8.5500e+03 8.5600e+03 8.5700e+03 8.5800e+03
 8.5900e+03 8.6000e+03 8.6100e+03 8.6200e+03 8.6300e+03 8.6400e+03
 8.6500e+03 8.6600e+03 8.6700e+03 8.6800e+03 8.6900e+03 8.7000e+03
 8.7100e+03 8.7200e+03 8.7300e+03 8.7400e+03 8.7500e+03 8.7600e+03
 8.7700e+03 8.7800e+03 8.7900e+03 8.8000e+03 8.8100e+03 8.8200e+03
 8.8300e+03 8.8400e+03 8.8500e+03 8.8600e+03 8.8700e+03 8.8800e+03
 8.8900e+03 8.9000e+03 8.9100e+03 8.9200e+03 8.9300e+03 8.9400e+03
 8.9500e+03 8.9600e+03 8.9700e+03 8.9800e+03 8.9900e+03 9.0000e+03
 9.0300e+03 9.0600e+03 9.0700e+03 9.0800e+03 9.0900e+03 9.1000e+03
 9.1100e+03 9.1200e+03 9.1400e+03 9.1500e+03 9.1600e+03 9.2000e+03
 9.2100e+03 9.2200e+03 9.2400e+03 9.2500e+03 9.2600e+03 9.2700e+03
 9.2800e+03 9.3000e+03 9.3100e+03 9.3200e+03 9.3300e+03 9.3400e+03
 9.3600e+03 9.3700e+03 9.4000e+03 9.4100e+03 9.4200e+03 9.4400e+03
 9.4600e+03 9.4700e+03 9.5000e+03 9.5100e+03 9.5200e+03 9.5300e+03
 9.5400e+03 9.5700e+03 9.5800e+03 9.5900e+03 9.6200e+03 9.6400e+03
 9.6500e+03 9.6800e+03 9.6900e+03 9.7100e+03 9.7300e+03 9.7400e+03
 9.7500e+03 9.7600e+03 9.7800e+03 9.7900e+03 9.8100e+03 9.8200e+03
 9.8300e+03 9.8400e+03 9.8500e+03 9.8700e+03 9.8800e+03 9.8900e+03
 9.9100e+03 9.9200e+03 9.9300e+03 9.9500e+03 9.9600e+03 9.9700e+03
 9.9800e+03 1.0000e+04 1.0010e+04 1.0020e+04 1.0030e+04 1.0040e+04
 1.0050e+04 1.0060e+04 1.0070e+04 1.0080e+04 1.0090e+04 1.0100e+04
 1.0110e+04 1.0120e+04 1.0130e+04 1.0140e+04 1.0150e+04 1.0160e+04
 1.0170e+04 1.0180e+04 1.0190e+04 1.0220e+04 1.0230e+04 1.0240e+04
 1.0250e+04 1.0260e+04 1.0270e+04 1.0280e+04 1.0290e+04 1.0315e+04] 
MEAN VALUES
mean accuracy:0.08840635905389686 mean precision:0.08672428862775566 mean recall:1.0 mean f1:0.15960679177837356 score:0.41963775536553105 pen:40 size:10 
test video:in\cora14_input.txt accuracy:0.31210045662100455 precision:0.3014143287734755 recall:1.0 f1:0.4632104044183146 prediction:[  10.   20.   30.   40.   60.   80.   90.  120.  140.  150.  170.  180.
  320.  330.  390.  410.  420.  450.  500.  610.  620.  630.  640.  650.
  660.  670.  680.  690.  700.  710.  720.  730.  740.  750.  870.  910.
  920.  930.  940.  950.  960.  970.  980.  990. 1000. 1010. 1020. 1030.
 1040. 1050. 1060. 1070. 1080. 1090. 1100. 1110. 1120. 1130. 1140. 1150.
 1160. 1170. 1180. 1190. 1200. 1210. 1220. 1230. 1240. 1250. 1260. 1270.
 1280. 1290. 1300. 1310. 1320. 1330. 1340. 1350. 1360. 1370. 1380. 1390.
 1400. 1410. 1420. 1430. 1440. 1450. 1460. 1470. 1480. 1490. 1500. 1510.
 1520. 1530. 1540. 1550. 1560. 1570. 1580. 1590. 1600. 1610. 1620. 1630.
 1640. 1650. 1660. 1670. 1680. 1690. 1700. 1710. 1720. 1730. 1740. 1750.
 1760. 1770. 1780. 1790. 1800. 1810. 1820. 1830. 1840. 1850. 1860. 1870.
 1880. 1890. 1900. 1910. 1920. 1930. 1940. 1950. 1960. 1970. 1980. 1990.
 2000. 2010. 2020. 2030. 2040. 2050. 2060. 2070. 2080. 2090. 2100. 2110.
 2120. 2130. 2140. 2150. 2160. 2170. 2180. 2190. 2200. 2210. 2220. 2230.
 2240. 2250. 2260. 2270. 2280. 2290. 2300. 2310. 2320. 2330. 2340. 2350.
 2360. 2370. 2380. 2390. 2400. 2410. 2420. 2430. 2440. 2450. 2460. 2470.
 2480. 2490. 2500. 2510. 2520. 2530. 2540. 2550. 2560. 2570. 2580. 2590.
 2600. 2610. 2620. 2630. 2640. 2650. 2660. 2670. 2680. 2690. 2700. 2710.
 2720. 2730. 2740. 2750. 2760. 2770. 2780. 2790. 2800. 2810. 2820. 2830.
 2840. 2850. 2860. 2870. 2880. 2890. 2900. 2910. 2920. 2930. 2940. 2950.
 2960. 2970. 2980. 2990. 3000. 3010. 3020. 3030. 3040. 3050. 3060. 3070.
 3080. 3090. 3100. 3110. 3120. 3130. 3140. 3150. 3160. 3170. 3180. 3190.
 3200. 3210. 3220. 3230. 3240. 3250. 3260. 3270. 3280. 3290. 3300. 3310.
 3320. 3330. 3340. 3350. 3360. 3370. 3380. 3390. 3400. 3410. 3420. 3430.
 3440. 3450. 3460. 3470. 3480. 3490. 3500. 3510. 3520. 3530. 3540. 3550.
 3560. 3570. 3580. 3590. 3600. 3610. 3620. 3630. 3640. 3650. 3660. 3670.
 3680. 3690. 3700. 3710. 3720. 3730. 3740. 3750. 3760. 3770. 3780. 3790.
 3800. 3810. 3820. 3830. 3840. 3850. 3860. 3870. 3880. 3890. 3900. 3910.
 3920. 3930. 3940. 3950. 3960. 3970. 3980. 3990. 4000. 4010. 4020. 4030.
 4040. 4050. 4060. 4070. 4080. 4090. 4100. 4110. 4120. 4130. 4140. 4150.
 4160. 4170. 4180. 4190. 4200. 4210. 4220. 4230. 4240. 4250. 4260. 4270.
 4280. 4290. 4300. 4310. 4320. 4330. 4340. 4350. 4360. 4379.] 
MEAN VALUES
mean accuracy:0.31210045662100455 mean precision:0.3014143287734755 mean recall:1.0 mean f1:0.4632104044183146 score:0.4036586178581658 pen:40 size:10 
test video:in\marianne7_input.txt accuracy:0.37017873941674506 precision:0.21266170129361034 recall:1.0 f1:0.35073541296266364 prediction:[ 450. 1220. 1230. 1260. 1290. 1300. 1310. 1320. 1330. 1340. 1350. 1360.
 1370. 1380. 1390. 1400. 1410. 1490. 1550. 1820. 1830. 1840. 1860. 1880.
 1890. 1900. 1910. 1920. 1930. 1940. 1950. 1960. 1970. 1980. 1990. 2000.
 2020. 2030. 2040. 2050. 2070. 2090. 2100. 2110. 2120. 2130. 2140. 2150.
 2160. 2170. 2180. 2190. 2200. 2210. 2220. 2230. 2250. 2260. 2270. 2280.
 2290. 2300. 2310. 2320. 2330. 2340. 2350. 2360. 2370. 2380. 2390. 2400.
 2410. 2420. 2430. 2440. 2450. 2460. 2470. 2480. 2490. 2500. 2510. 2520.
 2530. 2550. 2560. 2570. 2580. 2590. 2600. 2610. 2620. 2630. 2640. 2650.
 2660. 2670. 2680. 2690. 2700. 2710. 2720. 2730. 2740. 2750. 2760. 2770.
 2780. 2790. 2800. 2810. 2820. 2830. 2840. 2850. 2860. 2870. 2880. 2890.
 2900. 2910. 2920. 2930. 2950. 2960. 2970. 2980. 2990. 3000. 3010. 3020.
 3030. 3040. 3050. 3060. 3070. 3080. 3090. 3100. 3110. 3120. 3130. 3140.
 3150. 3160. 3170. 3180. 3190. 3200. 3210. 3220. 3230. 3240. 3250. 3260.
 3270. 3280. 3290. 3300. 3310. 3320. 3330. 3340. 3350. 3360. 3370. 3380.
 3390. 3400. 3410. 3420. 3430. 3440. 3450. 3460. 3470. 3480. 3490. 3500.
 3510. 3520. 3530. 3550. 3560. 3570. 3580. 3600. 3610. 3620. 3630. 3640.
 3650. 3660. 3670. 3680. 3690. 3700. 3710. 3720. 3730. 3740. 3750. 3760.
 3770. 3780. 3790. 3800. 3810. 3820. 3830. 3840. 3850. 3860. 3870. 3880.
 3890. 3900. 3910. 3920. 3930. 3940. 3950. 3960. 3970. 3980. 3990. 4000.
 4010. 4020. 4030. 4040. 4050. 4060. 4070. 4080. 4090. 4100. 4110. 4120.
 4130. 4140. 4150. 4160. 4170. 4180. 4190. 4200. 4210. 4220. 4230. 4240.
 4250. 4260. 4270. 4280. 4290. 4300. 4310. 4320. 4330. 4340. 4350. 4360.
 4370. 4380. 4390. 4400. 4410. 4420. 4430. 4440. 4450. 4460. 4470. 4480.
 4490. 4500. 4510. 4520. 4530. 4540. 4550. 4560. 4570. 4580. 4590. 4600.
 4690. 4700. 4710. 4720. 4730. 4740. 4780. 4890. 4900. 4910. 4920. 4930.
 4940. 4950. 4960. 4970. 4980. 5000. 5010. 5020. 5030. 5040. 5050. 5060.
 5070. 5080. 5090. 5100. 5110. 5120. 5130. 5140. 5150. 5160. 5170. 5180.
 5190. 5200. 5210. 5220. 5230. 5240. 5250. 5260. 5320. 5330. 5340. 5350.
 5360. 5370. 5380. 5390. 5400. 5410. 5420. 5430. 5440. 5450. 5460. 5490.
 5500. 5510. 5530. 5540. 5560. 5570. 5580. 5600. 5610. 5630. 5640. 5650.
 5660. 5680. 5690. 5700. 5710. 5730. 5740. 5750. 5760. 5770. 5780. 5790.
 5800. 5810. 5820. 5830. 5840. 5860. 5870. 5880. 5950. 6020. 6150. 6160.
 6170. 6180. 6190. 6200. 6210. 6220. 6230. 6240. 6250. 6260. 6270. 6280.
 6290. 6300. 6310. 6320. 6330. 6340. 6350. 6360. 6377.] 
MEAN VALUES
mean accuracy:0.37017873941674506 mean precision:0.21266170129361034 mean recall:1.0 mean f1:0.35073541296266364 score:0.4095783542505685 pen:40 size:10 
test video:in\marianne8_input.txt accuracy:0.44796163069544365 precision:0.376489707475623 recall:1.0 f1:0.5470287288469107 prediction:[ 180.  190.  200.  210.  220.  230.  240.  250.  260.  270.  280.  300.
  630.  640.  650.  660.  670.  680.  690.  700.  710.  720.  730.  740.
  750.  760.  770.  780.  790.  800.  810.  820.  830.  840.  850.  900.
  910.  920.  930.  940.  950.  960.  970.  980. 1010. 1020. 1030. 1040.
 1050. 1060. 1070. 1080. 1090. 1100. 1110. 1120. 1130. 1140. 1150. 1160.
 1170. 1180. 1190. 1200. 1210. 1220. 1230. 1240. 1250. 1260. 1270. 1280.
 1290. 1300. 1310. 1320. 1330. 1340. 1350. 1360. 1370. 1380. 1390. 1400.
 1410. 1420. 1430. 1440. 1450. 1460. 1470. 1480. 1490. 1500. 1510. 1520.
 1530. 1540. 1550. 1560. 1570. 1580. 1590. 1600. 1610. 1620. 1630. 1640.
 1650. 1660. 1670. 1680. 1690. 1700. 1710. 1720. 1730. 1740. 1750. 1760.
 1770. 1780. 1790. 1800. 1810. 1820. 1830. 1840. 1850. 1860. 1870. 1880.
 1890. 1900. 1910. 1920. 1930. 1940. 1950. 1960. 1970. 1980. 1990. 2000.
 2010. 2020. 2030. 2040. 2050. 2060. 2070. 2080. 2090. 2100. 2110. 2120.
 2130. 2140. 2150. 2160. 2170. 2180. 2190. 2200. 2210. 2220. 2230. 2240.
 2250. 2260. 2270. 2280. 2290. 2300. 2310. 2320. 2330. 2340. 2350. 2360.
 2370. 2380. 2390. 2400. 2410. 2420. 2430. 2440. 2450. 2460. 2470. 2480.
 2490. 2500. 2510. 2520. 2530. 2540. 2550. 2560. 2570. 2580. 2590. 2600.
 2610. 2620. 2630. 2640. 2650. 2660. 2670. 2680. 2690. 2700. 2710. 2730.
 2740. 2750. 2760. 2770. 2780. 2790. 2800. 2810. 2820. 2830. 2840. 2850.
 2860. 2870. 2880. 2890. 2900. 2910. 2920. 2930. 2940. 2950. 2960. 2970.
 2980. 2990. 3000. 3010. 3020. 3030. 3040. 3050. 3060. 3070. 3080. 3090.
 3100. 3110. 3120. 3130. 3140. 3150. 3160. 3170. 3180. 3190. 3200. 3210.
 3220. 3230. 3240. 3250. 3260. 3270. 3280. 3290. 3300. 3310. 3320. 3330.
 3340. 3350. 3360. 3370. 3380. 3390. 3400. 3410. 3420. 3430. 3440. 3450.
 3460. 3470. 3480. 3490. 3500. 3510. 3520. 3530. 3540. 3550. 3560. 3570.
 3580. 3590. 3600. 3610. 3620. 3630. 3640. 3650. 3660. 3670. 3680. 3690.
 3700. 3710. 3720. 3730. 3950. 3960. 3970. 3980. 3990. 4000. 4010. 4020.
 4030. 4040. 4050. 4060. 4070. 4080. 4090. 4100. 4110. 4120. 4130. 4140.
 4169.] 
MEAN VALUES
mean accuracy:0.44796163069544365 mean precision:0.376489707475623 mean recall:1.0 mean f1:0.5470287288469107 score:0.399247127098766 pen:40 size:10 
test video:in\marianne10_input.txt accuracy:0.3969176351692774 precision:0.36005361930294905 recall:1.0 f1:0.5294697417701557 prediction:[ 210.  220.  230.  240.  250.  260.  270.  280.  290.  300.  320.  340.
  350.  370.  380.  410.  530.  680.  690.  700.  710.  720.  730.  740.
  750.  760.  770.  780.  790.  800.  810.  820.  830.  840.  850.  860.
  870.  880.  890.  900.  910.  920.  930.  940.  950.  960.  970.  980.
  990. 1000. 1010. 1020. 1030. 1040. 1050. 1060. 1070. 1080. 1090. 1100.
 1110. 1120. 1130. 1140. 1150. 1160. 1170. 1180. 1190. 1200. 1210. 1220.
 1230. 1240. 1250. 1260. 1270. 1280. 1290. 1300. 1310. 1320. 1330. 1340.
 1350. 1360. 1370. 1380. 1390. 1400. 1410. 1420. 1430. 1440. 1450. 1460.
 1470. 1480. 1490. 1500. 1510. 1520. 1530. 1540. 1550. 1560. 1570. 1580.
 1590. 1600. 1610. 1620. 1630. 1640. 1650. 1660. 1670. 1680. 1690. 1700.
 1710. 1720. 1730. 1740. 1750. 1760. 1770. 1780. 1790. 1800. 1810. 1820.
 1830. 1840. 1850. 1860. 1870. 1880. 1890. 1900. 1910. 1920. 1930. 1940.
 1950. 1960. 1970. 1980. 1990. 2000. 2010. 2020. 2030. 2040. 2050. 2060.
 2070. 2080. 2090. 2100. 2110. 2120. 2130. 2140. 2150. 2160. 2170. 2180.
 2190. 2200. 2210. 2220. 2230. 2240. 2250. 2260. 2270. 2280. 2290. 2300.
 2310. 2320. 2330. 2340. 2350. 2360. 2370. 2380. 2390. 2400. 2410. 2420.
 2430. 2440. 2450. 2460. 2470. 2480. 2490. 2500. 2510. 2520. 2530. 2540.
 2550. 2560. 2570. 2580. 2590. 2600. 2610. 2620. 2630. 2640. 2650. 2660.
 2670. 2680. 2690. 2700. 2710. 2720. 2730. 2740. 2750. 2760. 2770. 2780.
 2790. 2800. 2810. 2820. 2830. 2840. 2850. 2860. 2870. 2880. 2890. 2900.
 2910. 2920. 2930. 2940. 2950. 2960. 2970. 2980. 2990. 3000. 3010. 3020.
 3030. 3040. 3050. 3060. 3070. 3080. 3090. 3100. 3110. 3120. 3130. 3140.
 3150. 3160. 3170. 3180. 3190. 3200. 3210. 3220. 3230. 3240. 3250. 3260.
 3270. 3280. 3290. 3300. 3310. 3320. 3330. 3340. 3350. 3360. 3370. 3380.
 3390. 3400. 3410. 3420. 3430. 3440. 3450. 3460. 3470. 3480. 3490. 3500.
 3510. 3520. 3530. 3540. 3550. 3560. 3570. 3580. 3590. 3600. 3610. 3620.
 3630. 3640. 3650. 3660. 3670. 3680. 3690. 3700. 3710. 3720. 3730. 3740.
 3750. 3760. 3780. 3790. 3800. 3810. 3820. 3830. 3840. 3850. 3860. 3870.
 3880. 3890. 3900. 3910. 3920. 3930. 3940. 3957.] 
MEAN VALUES
mean accuracy:0.3969176351692774 mean precision:0.36005361930294905 mean recall:1.0 mean f1:0.5294697417701557 score:0.400171284313332 pen:40 size:10 
test video:in\marianne18_input.txt accuracy:0.33279656468062263 precision:0.26608935248966736 recall:1.0 f1:0.42033265972330175 prediction:[ 330.  340.  350.  360.  370.  380.  390.  400.  410.  420.  430.  440.
  460.  570.  890.  900.  910.  920.  930.  940.  950.  960.  970.  990.
 1000. 1010. 1020. 1030. 1040. 1050. 1060. 1070. 1080. 1090. 1100. 1110.
 1120. 1130. 1140. 1150. 1160. 1170. 1180. 1190. 1200. 1210. 1220. 1230.
 1240. 1250. 1260. 1270. 1280. 1320. 1330. 1340. 1350. 1360. 1370. 1380.
 1390. 1400. 1410. 1420. 1430. 1440. 1450. 1460. 1470. 1480. 1490. 1500.
 1510. 1520. 1530. 1540. 1550. 1560. 1570. 1580. 1590. 1600. 1610. 1620.
 1630. 1640. 1650. 1660. 1670. 1680. 1690. 1700. 1710. 1720. 1730. 1740.
 1750. 1760. 1770. 1780. 1790. 1800. 1810. 1820. 1840. 1850. 1860. 1870.
 1880. 1890. 1900. 1910. 1920. 1930. 1940. 1950. 1960. 1970. 1980. 1990.
 2000. 2010. 2020. 2030. 2040. 2050. 2060. 2070. 2080. 2090. 2100. 2110.
 2120. 2130. 2140. 2150. 2160. 2170. 2180. 2190. 2200. 2210. 2220. 2230.
 2240. 2250. 2260. 2270. 2280. 2290. 2300. 2310. 2320. 2330. 2340. 2350.
 2360. 2370. 2380. 2390. 2400. 2410. 2420. 2430. 2440. 2450. 2460. 2470.
 2480. 2490. 2500. 2510. 2520. 2530. 2540. 2550. 2560. 2570. 2580. 2590.
 2600. 2610. 2620. 2630. 2640. 2650. 2660. 2670. 2680. 2690. 2700. 2710.
 2720. 2730. 2740. 2750. 2760. 2770. 2780. 2790. 2800. 2810. 2820. 2830.
 2840. 2850. 2860. 2870. 2880. 2890. 2900. 2910. 2920. 2930. 2940. 2950.
 2960. 2970. 2980. 2990. 3000. 3010. 3020. 3030. 3040. 3050. 3060. 3070.
 3080. 3090. 3100. 3110. 3120. 3130. 3140. 3150. 3160. 3170. 3180. 3190.
 3200. 3210. 3220. 3230. 3240. 3250. 3260. 3270. 3280. 3290. 3300. 3310.
 3320. 3330. 3340. 3350. 3360. 3370. 3380. 3390. 3400. 3410. 3420. 3430.
 3440. 3450. 3460. 3470. 3480. 3490. 3500. 3510. 3520. 3530. 3540. 3550.
 3560. 3570. 3580. 3590. 3600. 3610. 3620. 3630. 3640. 3650. 3660. 3670.
 3680. 3690. 3700. 3710. 3720. 3730. 3740. 3750. 3760. 3810. 3820. 3830.
 3840. 3850. 3860. 3870. 3880. 3890. 3900. 3910. 3920. 3930. 3940. 3950.
 3960. 3970. 3980. 3990. 4000. 4010. 4020. 4030. 4040. 4050. 4060. 4070.
 4080. 4090. 4100. 4110. 4120. 4130. 4140. 4150. 4160. 4170. 4180. 4190.
 4200. 4210. 4220. 4230. 4240. 4250. 4260. 4270. 4280. 4290. 4300. 4310.
 4320. 4330. 4340. 4350. 4360. 4370. 4380. 4390. 4400. 4410. 4420. 4430.
 4440. 4450. 4460. 4470. 4480. 4490. 4500. 4510. 4520. 4530. 4540. 4550.
 4560. 4570. 4580. 4590. 4600. 4610. 4620. 4630. 4640. 4650. 4660. 4670.
 4680. 4690. 4700. 4710. 4720. 4730. 4740. 4750. 4760. 4770. 4780. 4790.
 4800. 4810. 4820. 4830. 4840. 4850. 4860. 4870. 4880. 4890. 4900. 4910.
 4920. 4930. 4940. 4950. 4960. 4970. 4980. 4990. 5000. 5010. 5020. 5030.
 5040. 5050. 5060. 5070. 5080. 5090. 5100. 5110. 5120. 5130. 5140. 5150.
 5160. 5170. 5180. 5190. 5200. 5210. 5220. 5240. 5250. 5260. 5270. 5280.
 5290. 5300. 5310. 5320. 5330. 5340. 5350. 5360. 5370. 5380. 5390. 5400.
 5410. 5420. 5430. 5440. 5450. 5490. 5500. 5510. 5520. 5530. 5540. 5550.
 5560. 5588.] 
MEAN VALUES
mean accuracy:0.33279656468062263 mean precision:0.26608935248966736 mean recall:1.0 mean f1:0.42033265972330175 score:0.4059153412631665 pen:40 size:10 
test video:in\marianne19_input.txt accuracy:0.5041401887155786 precision:0.4674250258531541 recall:1.0 f1:0.6370683579985905 prediction:[ 210.  220.  230.  240.  250.  260.  270.  280.  290.  300.  310.  320.
  370.  570.  580.  590.  600.  610.  620.  630.  640.  650.  660.  670.
  680.  690.  700.  710.  720.  730.  740.  750.  760.  770.  780.  790.
  800.  810.  820.  830.  840.  850.  860.  870.  880.  890.  900.  910.
  920.  930.  940.  950.  960.  970.  980.  990. 1000. 1010. 1020. 1030.
 1040. 1050. 1060. 1070. 1080. 1090. 1100. 1110. 1120. 1130. 1140. 1150.
 1160. 1170. 1180. 1190. 1200. 1210. 1220. 1230. 1240. 1250. 1260. 1270.
 1280. 1290. 1300. 1310. 1320. 1340. 1350. 1360. 1370. 1380. 1390. 1400.
 1410. 1420. 1430. 1440. 1450. 1460. 1470. 1480. 1490. 1500. 1510. 1520.
 1530. 1540. 1550. 1560. 1570. 1580. 1590. 1600. 1610. 1620. 1630. 1640.
 1650. 1660. 1670. 1680. 1690. 1700. 1710. 1720. 1730. 1740. 1750. 1760.
 1770. 1780. 1790. 1800. 1810. 1820. 1830. 1840. 1850. 1860. 1870. 1880.
 1890. 1900. 1910. 1920. 1930. 1940. 1950. 1960. 1970. 1980. 1990. 2000.
 2010. 2020. 2030. 2040. 2050. 2060. 2070. 2080. 2090. 2100. 2110. 2120.
 2130. 2140. 2150. 2160. 2170. 2180. 2190. 2200. 2210. 2220. 2230. 2240.
 2250. 2260. 2270. 2280. 2290. 2300. 2310. 2320. 2330. 2340. 2350. 2360.
 2370. 2380. 2390. 2400. 2410. 2440. 2450. 2460. 2470. 2480. 2490. 2500.
 2510. 2520. 2530. 2540. 2550. 2560. 2570. 2590. 2600. 2610. 2620. 2630.
 2640. 2650. 2660. 2670. 2680. 2690. 2700. 2710. 2730. 2740. 2750. 2760.
 2770. 2780. 2790. 2800. 2810. 2820. 2830. 2840. 2850. 2860. 2870. 2880.
 2890. 2900. 2910. 2920. 2930. 2940. 2950. 2960. 2970. 2980. 2990. 3000.
 3010. 3020. 3030. 3040. 3050. 3060. 3070. 3080. 3090. 3100. 3110. 3120.
 3130. 3140. 3150. 3160. 3170. 3180. 3190. 3200. 3210. 3220. 3230. 3240.
 3250. 3260. 3270. 3280. 3290. 3300. 3310. 3320. 3330. 3340. 3350. 3360.
 3370. 3380. 3390. 3400. 3410. 3420. 3430. 3440. 3450. 3460. 3470. 3480.
 3490. 3500. 3510. 3520. 3530. 3540. 3550. 3560. 3570. 3580. 3590. 3600.
 3610. 3620. 3630. 3640. 3650. 3660. 3670. 3690. 3700. 3710. 3720. 3730.
 3740. 3750. 3760. 3770. 3780. 3790. 3800. 3810. 3820. 3830. 3840. 3850.
 3860. 3870. 3880. 3890. 3900. 3910. 3920. 3930. 3940. 3950. 3960. 3970.
 3980. 3990. 4000. 4010. 4020. 4030. 4040. 4050. 4060. 4070. 4080. 4090.
 4100. 4110. 4120. 4130. 4140. 4150. 4160. 4170. 4180. 4190. 4200. 4210.
 4220. 4230. 4240. 4250. 4260. 4270. 4280. 4290. 4300. 4310. 4320. 4330.
 4340. 4350. 4360. 4370. 4380. 4390. 4400. 4410. 4420. 4430. 4440. 4450.
 4460. 4470. 4480. 4490. 4500. 4510. 4520. 4530. 4540. 4550. 4560. 4570.
 4580. 4590. 4600. 4610. 4620. 4630. 4640. 4650. 4660. 4680. 4690. 4700.
 4900. 4960. 4970. 4980. 4990. 5000. 5010. 5020. 5030. 5040. 5050. 5060.
 5070. 5080. 5090. 5100. 5110. 5120. 5130. 5140. 5150. 5160. 5170. 5192.] 
MEAN VALUES
mean accuracy:0.5041401887155786 mean precision:0.4674250258531541 mean recall:1.0 mean f1:0.6370683579985905 score:0.3945081992486775 pen:40 size:10 
test video:in\marianne24_input.txt accuracy:0.1803457193412277 precision:0.1601115760111576 recall:1.0 f1:0.27602789132002886 prediction:[ 170.  180.  190.  200.  210.  220.  230.  240.  250.  260.  280.  290.
  410.  420.  430.  440.  530.  640.  770.  780.  860.  880.  970. 1000.
 1080. 1090. 1130. 1150. 1160. 1180. 1200. 1210. 1220. 1230. 1240. 1250.
 1260. 1270. 1280. 1290. 1300. 1310. 1320. 1330. 1340. 1350. 1360. 1370.
 1380. 1390. 1400. 1410. 1420. 1430. 1440. 1450. 1460. 1470. 1480. 1490.
 1500. 1510. 1520. 1530. 1540. 1550. 1560. 1570. 1580. 1590. 1600. 1610.
 1620. 1630. 1640. 1650. 1660. 1680. 1700. 1710. 1720. 1730. 1740. 1750.
 1760. 1770. 1780. 1790. 1800. 1810. 1820. 1830. 1840. 1850. 1860. 1880.
 1890. 1900. 1910. 1920. 1930. 1950. 1970. 1980. 1990. 2000. 2010. 2020.
 2040. 2050. 2060. 2070. 2090. 2100. 2120. 2130. 2140. 2170. 2180. 2190.
 2200. 2210. 2220. 2230. 2250. 2260. 2270. 2290. 2300. 2310. 2320. 2330.
 2340. 2350. 2360. 2370. 2380. 2390. 2400. 2410. 2420. 2430. 2440. 2450.
 2460. 2470. 2480. 2490. 2500. 2510. 2520. 2530. 2540. 2550. 2560. 2570.
 2580. 2590. 2600. 2610. 2620. 2630. 2640. 2650. 2660. 2670. 2680. 2690.
 2700. 2710. 2720. 2730. 2740. 2750. 2760. 2770. 2780. 2790. 2800. 2810.
 2820. 2830. 2840. 2850. 2860. 2880. 2910. 2940. 2970. 2990. 3000. 3040.
 3100. 3110. 3120. 3170. 3190. 3210. 3230. 3250. 3320. 3330. 3340. 3360.
 3370. 3410. 3420. 3450. 3460. 3470. 3480. 3490. 3500. 3510. 3520. 3530.
 3540. 3550. 3560. 3570. 3580. 3590. 3600. 3610. 3620. 3630. 3640. 3650.
 3660. 3670. 3680. 3690. 3700. 3710. 3720. 3730. 3740. 3750. 3760. 3770.
 3780. 3790. 3800. 3810. 3820. 3830. 3840. 3850. 3860. 3870. 3880. 3890.
 3900. 3910. 3920. 3930. 3940. 3960. 3970. 4010. 4020. 4030. 4040. 4050.
 4060. 4070. 4100. 4110. 4130. 4140. 4150. 4220. 4230. 4240. 4250. 4260.
 4270. 4280. 4290. 4300. 4310. 4320. 4330. 4340. 4350. 4360. 4370. 4380.
 4390. 4400. 4410. 4420. 4430. 4440. 4450. 4470. 4480. 4490. 4500. 4510.
 4520. 4530. 4550. 4570. 4590. 4600. 4610. 4620. 4640. 4650. 4660. 4680.
 4700. 4710. 4720. 4730. 4740. 4780. 4800. 4820. 4840. 4850. 4860. 4880.
 4900. 4920. 4940. 4950. 4960. 4980. 4990. 5000. 5010. 5050. 5070. 5120.
 5130. 5140. 5150. 5160. 5170. 5180. 5190. 5200. 5210. 5220. 5230. 5240.
 5250. 5260. 5270. 5280. 5290. 5300. 5310. 5320. 5330. 5340. 5350. 5360.
 5370. 5380. 5390. 5400. 5410. 5420. 5430. 5440. 5450. 5460. 5470. 5480.
 5490. 5500. 5510. 5520. 5530. 5540. 5550. 5560. 5570. 5580. 5590. 5600.
 5610. 5620. 5630. 5650. 5670. 5680. 5690. 5700. 5740. 5760. 5770. 5780.
 5790. 5800. 5830. 5860. 5880. 5890. 5910. 5920. 5930. 5960. 5990. 6000.
 6050. 6060. 6070. 6080. 6090. 6120. 6130. 6150. 6170. 6180. 6220. 6260.
 6290. 6300. 6340. 6380. 6390. 6430. 6440. 6450. 6460. 6470. 6480. 6510.
 6540. 6560. 6590. 6600. 6610. 6620. 6630. 6640. 6650. 6660. 6670. 6680.
 6690. 6700. 6710. 6720. 6730. 6740. 6750. 6760. 6770. 6780. 6790. 6800.
 6810. 6820. 6830. 6840. 6850. 6860. 6870. 6880. 6890. 6900. 6910. 6920.
 6930. 6940. 6950. 6960. 6970. 6980. 6990. 7000. 7010. 7020. 7030. 7040.
 7050. 7060. 7070. 7080. 7090. 7100. 7110. 7120. 7130. 7140. 7150. 7160.
 7170. 7180. 7190. 7200. 7210. 7220. 7230. 7240. 7250. 7260. 7270. 7280.
 7290. 7300. 7310. 7320. 7330. 7346.] 
MEAN VALUES
mean accuracy:0.1803457193412277 mean precision:0.1601115760111576 mean recall:1.0 mean f1:0.27602789132002886 score:0.413510329073865 pen:40 size:10 
test video:in\marianne26_input.txt accuracy:0.40081660428717253 precision:0.38405036726128017 recall:1.0 f1:0.5549658832448825 prediction:[ 130.  140.  150.  160.  170.  180.  190.  200.  210.  220.  230.  240.
  250.  260.  340.  350.  360.  370.  380.  390.  400.  410.  420.  430.
  440.  450.  460.  470.  480.  490.  500.  510.  520.  530.  540.  550.
  560.  570.  580.  590.  600.  610.  620.  630.  640.  650.  660.  670.
  680.  690.  700.  710.  720.  730.  740.  750.  760.  770.  780.  790.
  800.  810.  820.  830.  840.  850.  860.  870.  880.  890.  900.  910.
  920.  930.  940.  950.  960.  970.  980.  990. 1000. 1010. 1020. 1030.
 1040. 1050. 1060. 1070. 1080. 1090. 1100. 1110. 1120. 1130. 1140. 1150.
 1160. 1170. 1180. 1190. 1200. 1210. 1220. 1230. 1240. 1250. 1260. 1270.
 1280. 1290. 1300. 1310. 1320. 1330. 1340. 1350. 1360. 1370. 1380. 1390.
 1400. 1410. 1420. 1430. 1440. 1450. 1460. 1470. 1480. 1490. 1500. 1510.
 1520. 1530. 1540. 1550. 1560. 1570. 1580. 1590. 1600. 1610. 1620. 1630.
 1640. 1650. 1660. 1670. 1680. 1690. 1700. 1710. 1720. 1730. 1740. 1750.
 1760. 1770. 1780. 1790. 1800. 1810. 1820. 1830. 1840. 1850. 1860. 1870.
 1880. 1890. 1900. 1910. 1920. 1930. 1940. 1950. 1960. 1970. 1980. 1990.
 2000. 2010. 2020. 2030. 2040. 2050. 2060. 2070. 2080. 2090. 2100. 2110.
 2120. 2130. 2140. 2150. 2160. 2170. 2180. 2190. 2200. 2210. 2220. 2230.
 2240. 2250. 2260. 2270. 2280. 2290. 2300. 2310. 2320. 2330. 2340. 2350.
 2360. 2370. 2380. 2390. 2400. 2410. 2420. 2430. 2440. 2450. 2460. 2470.
 2480. 2490. 2500. 2510. 2520. 2530. 2540. 2550. 2560. 2570. 2580. 2590.
 2600. 2610. 2620. 2630. 2640. 2650. 2660. 2670. 2680. 2690. 2700. 2710.
 2720. 2730. 2740. 2750. 2760. 2770. 2780. 2790. 2800. 2810. 2860. 2870.
 2880. 2890. 2900. 2910. 2920. 2938.] 
MEAN VALUES
mean accuracy:0.40081660428717253 mean precision:0.38405036726128017 mean recall:1.0 mean f1:0.5549658832448825 score:0.39882938213045166 pen:40 size:10 
test video:in\marianne41_input.txt accuracy:0.24872286079182632 precision:0.2264957264957265 recall:1.0 f1:0.3693379790940767 prediction:[ 140.  150.  160.  170.  180.  190.  200.  210.  220.  230.  240.  250.
  260.  270.  280.  340.  350.  360.  380.  390.  400.  410.  420.  430.
  470.  480.  490.  500.  510.  520.  530.  540.  560.  570.  580.  590.
  600.  610.  620.  630.  640.  650.  660.  670.  680.  690.  700.  710.
  720.  730.  740.  750.  760.  770.  780.  790.  800.  810.  820.  830.
  840.  850.  860.  870.  880.  890.  900.  910.  920.  930.  940.  950.
  960.  970.  980.  990. 1000. 1010. 1020. 1030. 1040. 1050. 1060. 1070.
 1080. 1090. 1100. 1110. 1120. 1130. 1140. 1150. 1160. 1170. 1180. 1190.
 1200. 1210. 1220. 1230. 1240. 1250. 1260. 1270. 1280. 1290. 1300. 1310.
 1320. 1330. 1340. 1350. 1360. 1370. 1380. 1390. 1400. 1410. 1420. 1430.
 1440. 1450. 1460. 1470. 1480. 1490. 1500. 1510. 1520. 1530. 1540. 1560.
 1570. 1580. 1590. 1600. 1610. 1620. 1630. 1640. 1650. 1660. 1670. 1680.
 1690. 1700. 1710. 1720. 1730. 1740. 1750. 1760. 1770. 1780. 1790. 1800.
 1810. 1820. 1830. 1840. 1850. 1860. 1870. 1880. 1890. 1900. 1910. 1920.
 1930. 1940. 1950. 1960. 1970. 1980. 1990. 2000. 2010. 2020. 2030. 2040.
 2050. 2060. 2070. 2080. 2090. 2100. 2110. 2120. 2130. 2140. 2150. 2160.
 2170. 2180. 2190. 2200. 2210. 2220. 2230. 2240. 2250. 2260. 2270. 2280.
 2290. 2300. 2310. 2320. 2330. 2340. 2350. 2360. 2370. 2380. 2390. 2400.
 2410. 2420. 2430. 2440. 2450. 2460. 2470. 2480. 2490. 2500. 2510. 2520.
 2530. 2540. 2550. 2560. 2570. 2580. 2590. 2600. 2610. 2620. 2630. 2640.
 2650. 2660. 2670. 2680. 2690. 2700. 2710. 2720. 2730. 2740. 2750. 2760.
 2770. 2780. 2790. 2800. 2810. 2820. 2830. 2840. 2850. 2860. 2870. 2880.
 2890. 2900. 2910. 2920. 2930. 2940. 2950. 2960. 2970. 2980. 2990. 3000.
 3010. 3020. 3030. 3040. 3050. 3060. 3070. 3080. 3090. 3100. 3110. 3120.
 3131.] 
MEAN VALUES
mean accuracy:0.24872286079182632 mean precision:0.2264957264957265 mean recall:1.0 mean f1:0.3693379790940767 score:0.40859927182259936 pen:40 size:10 
test video:in\marianne42_input.txt accuracy:0.1990140114167099 precision:0.06793478260869565 recall:1.0 f1:0.1272264631043257 prediction:[ 220.  230.  240.  250.  260.  270.  280.  290.  300.  310.  320.  330.
  340.  350.  390.  520.  570.  630.  690.  730.  750.  780.  830.  880.
 1040. 1070. 1120. 1130. 1150. 1160. 1170. 1260. 1350. 1360. 1450. 1480.
 1520. 1540. 1580. 1640. 1680. 1720. 1750. 1760. 1780. 1790. 1810. 1840.
 1860. 1880. 1890. 1930. 1960. 1990. 2010. 2050. 2100. 2160. 2240. 2440.
 2450. 2460. 2470. 2480. 2490. 2500. 2510. 2520. 2530. 2540. 2550. 2560.
 2570. 2580. 2590. 2690. 2760. 2830. 3000. 3100. 3290. 3350. 3390. 3490.
 3530. 3610. 3650. 3680. 3840. 3890. 3940. 3980. 4000. 4040. 4060. 4080.
 4090. 4100. 4130. 4170. 4180. 4190. 4200. 4210. 4220. 4230. 4240. 4250.
 4260. 4270. 4300. 4310. 4510. 4540. 4610. 4670. 4690. 4710. 4730. 4760.
 4780. 4790. 4820. 4880. 4890. 4930. 5030. 5090. 5240. 5320. 5420. 5490.
 5610. 5680. 5690. 5700. 5710. 5720. 5730. 5740. 5750. 5760. 5770. 5780.
 5790. 5800. 5810. 5820. 5840. 5850. 5900. 5940. 6000. 6020. 6230. 6280.
 6340. 6520. 6560. 6680. 6740. 6910. 7020. 7060. 7190. 7200. 7210. 7220.
 7230. 7240. 7250. 7260. 7270. 7280. 7290. 7300. 7310. 7320. 7330. 7340.
 7360. 7430. 7560. 7570. 7580. 7590. 7600. 7610. 7620. 7630. 7640. 7650.
 7660. 7670. 7680. 7690. 7707.] 
MEAN VALUES
mean accuracy:0.1990140114167099 mean precision:0.06793478260869565 mean recall:1.0 mean f1:0.1272264631043257 score:0.42134198319048094 pen:40 size:10 
test video:in\marianne43_input.txt accuracy:0.24924062063869962 precision:0.18055555555555555 recall:1.0 f1:0.3058823529411765 prediction:[  140.   150.   160.   170.   180.   190.   200.   210.   220.   230.
   250.   340.   550.   620.   660.   700.   790.   880.   930.   940.
   960.  1000.  1020.  1090.  1160.  1190.  1230.  1260.  1270.  1280.
  1290.  1300.  1310.  1320.  1330.  1340.  1350.  1360.  1370.  1380.
  1390.  1400.  1440.  1450.  1470.  1480.  1490.  1510.  1640.  1680.
  1690.  1740.  1780.  1820.  1850.  1890.  1920.  1940.  1960.  1980.
  2000.  2020.  2040.  2060.  2100.  2130.  2170.  2250.  2340.  2410.
  2560.  2620.  2660.  2730.  2810.  2820.  2830.  2840.  2850.  2860.
  2870.  2880.  2890.  2900.  2910.  2930.  2940.  2950.  2960.  2970.
  2990.  3000.  3020.  3130.  3140.  3160.  3180.  3190.  3210.  3250.
  3280.  3320.  3360.  3370.  3380.  3390.  3400.  3410.  3420.  3430.
  3440.  3450.  3460.  3470.  3480.  3490.  3500.  3510.  3520.  3530.
  3540.  3550.  3560.  3580.  3590.  3610.  3620.  3630.  3640.  3650.
  3680.  3690.  3700.  3710.  3720.  3740.  3750.  3760.  3780.  3810.
  3820.  3830.  3840.  3850.  3860.  3870.  3880.  3890.  3900.  3910.
  3920.  3930.  3940.  3950.  3970.  3990.  4000.  4010.  4020.  4030.
  4040.  4050.  4060.  4070.  4080.  4090.  4100.  4110.  4120.  4130.
  4140.  4150.  4160.  4170.  4180.  4190.  4200.  4210.  4230.  4240.
  4250.  4260.  4270.  4290.  4320.  4330.  4340.  4350.  4360.  4370.
  4380.  4390.  4400.  4420.  4440.  4530.  4540.  4550.  4570.  4580.
  4590.  4600.  4610.  4620.  4630.  4640.  4650.  4660.  4670.  4680.
  4690.  4700.  4710.  4720.  4730.  4740.  4750.  4760.  4770.  4790.
  4800.  4810.  4820.  4830.  4840.  4850.  4860.  4870.  4880.  4890.
  4900.  4910.  4920.  4930.  4940.  4950.  4960.  4980.  4990.  5000.
  5010.  5030.  5040.  5050.  5060.  5070.  5080.  5090.  5100.  5110.
  5120.  5130.  5140.  5150.  5160.  5170.  5180.  5190.  5210.  5250.
  5300.  5310.  5320.  5330.  5380.  5450.  5460.  5490.  5500.  5510.
  5520.  5530.  5540.  5550.  5560.  5570.  5580.  5590.  5600.  5610.
  5620.  5640.  5650.  5670.  5680.  5690.  5700.  5710.  5760.  5770.
  5800.  5820.  5840.  5850.  5860.  5870.  5880.  5890.  5900.  5910.
  5920.  5930.  5940.  5950.  5960.  5970.  5980.  5990.  6000.  6010.
  6020.  6030.  6040.  6050.  6060.  6070.  6080.  6090.  6100.  6110.
  6120.  6130.  6140.  6150.  6160.  6170.  6180.  6190.  6200.  6210.
  6220.  6230.  6240.  6250.  6260.  6270.  6280.  6290.  6300.  6310.
  6320.  6330.  6340.  6350.  6360.  6370.  6380.  6390.  6400.  6410.
  6420.  6430.  6440.  6450.  6460.  6580.  6650.  6660.  6670.  6680.
  6690.  6700.  6710.  6720.  6730.  6740.  6750.  6760.  6770.  6780.
  6790.  6800.  6810.  6820.  6830.  6840.  6850.  6860.  6870.  6880.
  7090.  7350.  7360.  7370.  7380.  7390.  7400.  7420.  7430.  7440.
  7450.  7460.  7470.  7480.  7490.  7500.  7510.  7520.  7530.  7540.
  7550.  7560.  7570.  7580.  7590.  7600.  7610.  7620.  7630.  7640.
  7650.  7660.  7670.  7680.  7690.  7700.  7710.  7720.  7730.  7740.
  7750.  7760.  7770.  7780.  7790.  7800.  7810.  7820.  7830.  7840.
  7850.  7860.  7870.  7880.  7890.  7900.  7910.  7920.  7930.  7940.
  7950.  7960.  7970.  7980.  7990.  8000.  8010.  8020.  8030.  8040.
  8050.  8060.  8070.  8080.  8090.  8100.  8110.  8120.  8130.  8140.
  8150.  8160.  8170.  8180.  8190.  8200.  8210.  8220.  8230.  8240.
  8250.  8260.  8270.  8280.  8290.  8300.  8310.  8320.  8330.  8340.
  8350.  8360.  8370.  8380.  8390.  8400.  8410.  8420.  8430.  8440.
  8450.  8460.  8480.  8490.  8520.  8550.  8570.  8590.  8610.  8630.
  8640.  8660.  8670.  8680.  8690.  8700.  8730.  8740.  8750.  8760.
  8770.  8780.  8800.  8810.  8820.  8840.  8850.  8860.  8870.  9040.
  9050.  9060.  9070.  9080.  9090.  9100.  9110.  9120.  9130.  9140.
  9150.  9160.  9170.  9180.  9190.  9200.  9210.  9220.  9230.  9240.
  9250.  9260.  9270.  9280.  9290.  9300.  9310.  9320.  9330.  9340.
  9350.  9360.  9370.  9380.  9390.  9400.  9410.  9420.  9430.  9440.
  9450.  9460.  9470.  9480.  9490.  9500.  9510.  9520.  9530.  9540.
  9550.  9560.  9570.  9580.  9590.  9600.  9610.  9620.  9630.  9640.
  9650.  9660.  9670.  9680.  9690.  9700.  9710.  9720.  9730.  9740.
  9750.  9760.  9770.  9780.  9790.  9800.  9810.  9820.  9830.  9850.
  9860.  9870.  9880.  9890.  9900.  9910.  9920.  9930.  9940.  9950.
  9960.  9990. 10000. 10010. 10020. 10030. 10040. 10050. 10060. 10070.
 10080. 10090. 10100. 10110. 10120. 10130. 10140. 10150. 10160. 10170.
 10180. 10190. 10200. 10210. 10220. 10230. 10240. 10250. 10260. 10270.
 10280. 10290. 10300. 10310. 10320. 10330. 10340. 10350. 10360. 10370.
 10380. 10390. 10400. 10410. 10420. 10430. 10440. 10450. 10460. 10470.
 10480. 10490. 10500. 10510. 10520. 10530. 10540. 10550. 10560. 10570.
 10580. 10590. 10600. 10610. 10620. 10630. 10640. 10650. 10660. 10670.
 10680. 10690. 10700. 10710. 10720. 10730. 10740. 10750. 10760. 10770.
 10780. 10790. 10800. 10810. 10820. 10830. 10840. 10850. 10860. 10870.
 10880. 10890. 10900. 10910. 10920. 10930. 10940. 10950. 10960. 10970.
 10980. 10990. 11000. 11010. 11020. 11030. 11040. 11060. 11070. 11080.
 11090. 11100. 11110. 11120. 11130. 11150. 11160. 11200. 11210. 11220.
 11230. 11240. 11250. 11260. 11270. 11280. 11310. 11320. 11330. 11340.
 11350. 11360. 11370. 11380. 11390. 11400. 11410. 11420. 11430. 11440.
 11450. 11460. 11470. 11480. 11490. 11500. 11980. 11990. 12000. 12010.
 12020. 12030. 12040. 12050. 12060. 12070. 12080. 12090. 12100. 12110.
 12120. 12130. 12140. 12150. 12160. 12170. 12180.] 
MEAN VALUES
mean accuracy:0.24924062063869962 mean precision:0.18055555555555555 mean recall:1.0 mean f1:0.3058823529411765 score:0.4119390416201204 pen:40 size:10 
test video:in\marianne47_input.txt accuracy:0.39486754966887416 precision:0.3714531384350817 recall:1.0 f1:0.541692789968652 prediction:[ 140.  150.  160.  170.  180.  190.  200.  210.  220.  230.  240.  250.
  260.  290.  310.  320.  390.  400.  410.  420.  430.  440.  450.  460.
  470.  480.  490.  500.  510.  520.  530.  540.  550.  560.  570.  580.
  590.  600.  610.  620.  630.  640.  650.  660.  670.  680.  690.  700.
  710.  720.  730.  740.  750.  760.  770.  780.  790.  800.  810.  820.
  830.  840.  850.  860.  870.  880.  890.  900.  910.  920.  930.  940.
  950.  960.  970.  980.  990. 1000. 1010. 1020. 1030. 1040. 1050. 1060.
 1070. 1080. 1090. 1100. 1110. 1120. 1130. 1140. 1150. 1160. 1170. 1180.
 1190. 1200. 1210. 1220. 1230. 1240. 1250. 1260. 1270. 1280. 1290. 1300.
 1310. 1320. 1330. 1340. 1350. 1360. 1370. 1380. 1390. 1400. 1410. 1420.
 1430. 1440. 1450. 1460. 1470. 1480. 1490. 1500. 1510. 1520. 1530. 1540.
 1550. 1560. 1570. 1580. 1590. 1600. 1610. 1620. 1630. 1640. 1650. 1660.
 1670. 1680. 1690. 1700. 1710. 1720. 1730. 1740. 1750. 1760. 1770. 1780.
 1790. 1800. 1810. 1820. 1830. 1840. 1850. 1860. 1870. 1880. 1890. 1900.
 1910. 1920. 1930. 1940. 1950. 1960. 1970. 1980. 1990. 2000. 2010. 2020.
 2030. 2040. 2050. 2060. 2070. 2080. 2090. 2100. 2110. 2120. 2130. 2140.
 2150. 2160. 2170. 2180. 2190. 2200. 2210. 2220. 2230. 2240. 2250. 2260.
 2270. 2280. 2290. 2300. 2310. 2320. 2330. 2340. 2350. 2360. 2370. 2380.
 2390. 2415.] 
MEAN VALUES
mean accuracy:0.39486754966887416 mean precision:0.3714531384350817 mean recall:1.0 mean f1:0.541692789968652 score:0.39952796598709533 pen:40 size:10 
test video:in\marianne48_input.txt accuracy:0.30932703659976385 precision:0.27306616961789376 recall:1.0 f1:0.4289897510980966 prediction:[ 150.  160.  170.  180.  190.  200.  210.  220.  230.  240.  260.  270.
  300.  360.  530.  540.  550.  560.  570.  580.  590.  600.  610.  620.
  630.  640.  650.  660.  670.  680.  690.  700.  710.  720.  730.  740.
  750.  760.  770.  780.  790.  800.  810.  820.  830.  840.  850.  860.
  870.  880.  890.  900.  910.  920.  930.  940.  950.  960.  970.  980.
  990. 1000. 1010. 1020. 1030. 1040. 1050. 1060. 1070. 1080. 1090. 1100.
 1110. 1120. 1130. 1140. 1150. 1160. 1170. 1180. 1190. 1200. 1210. 1220.
 1230. 1240. 1250. 1260. 1270. 1280. 1290. 1300. 1310. 1320. 1330. 1340.
 1350. 1360. 1370. 1380. 1390. 1400. 1410. 1420. 1430. 1440. 1450. 1460.
 1470. 1480. 1490. 1500. 1510. 1520. 1530. 1540. 1550. 1560. 1570. 1580.
 1590. 1600. 1610. 1620. 1630. 1640. 1650. 1660. 1670. 1680. 1690. 1700.
 1710. 1720. 1730. 1740. 1750. 1760. 1770. 1780. 1790. 1800. 1810. 1820.
 1830. 1840. 1850. 1860. 1870. 1880. 1890. 1900. 1910. 1920. 1930. 1940.
 1950. 1960. 1970. 1980. 1990. 2000. 2010. 2020. 2030. 2040. 2050. 2060.
 2070. 2080. 2090. 2100. 2110. 2120. 2130. 2140. 2150. 2160. 2170. 2180.
 2190. 2200. 2210. 2220. 2230. 2240. 2250. 2260. 2270. 2280. 2290. 2300.
 2310. 2320. 2330. 2340. 2350. 2360. 2370. 2380. 2390. 2400. 2410. 2420.
 2430. 2440. 2450. 2460. 2470. 2480. 2490. 2500. 2510. 2520. 2530. 2540.
 2550. 2560. 2570. 2580. 2590. 2600. 2610. 2620. 2630. 2640. 2650. 2660.
 2670. 2680. 2690. 2700. 2710. 2720. 2730. 2740. 2750. 2760. 2770. 2780.
 2790. 2800. 2810. 2820. 2830. 2840. 2850. 2860. 2870. 2880. 2890. 2900.
 2910. 2920. 2930. 2940. 2950. 2960. 2970. 2980. 2990. 3000. 3010. 3020.
 3030. 3040. 3050. 3060. 3070. 3080. 3090. 3100. 3110. 3120. 3130. 3140.
 3150. 3160. 3170. 3180. 3190. 3200. 3210. 3220. 3230. 3240. 3250. 3260.
 3270. 3280. 3290. 3300. 3310. 3320. 3330. 3387.] 
MEAN VALUES
mean accuracy:0.30932703659976385 mean precision:0.27306616961789376 mean recall:1.0 mean f1:0.4289897510980966 score:0.40545970487501937 pen:40 size:10 
test video:in\muriel18_input.txt accuracy:0.35644028103044495 precision:0.34335799292376973 recall:0.9820607175712971 f1:0.5088179218303146 prediction:[ 170.  180.  190.  200.  210.  220.  230.  240.  250.  260.  270.  280.
  290.  310.  320.  330.  340.  350.  370.  380.  390.  400.  410.  450.
  460.  470.  480.  490.  500.  510.  520.  530.  540.  560.  580.  590.
  610.  660.  670.  810.  820.  830.  840.  870.  890.  940.  980. 1000.
 1060. 1090. 1140. 1150. 1180. 1190. 1200. 1210. 1220. 1230. 1240. 1250.
 1260. 1270. 1280. 1290. 1300. 1310. 1320. 1330. 1340. 1350. 1360. 1370.
 1380. 1390. 1400. 1410. 1420. 1430. 1440. 1450. 1460. 1470. 1480. 1490.
 1500. 1510. 1520. 1530. 1560. 1570. 1580. 1690. 1700. 1710. 1720. 1730.
 1740. 1750. 1760. 1770. 1780. 1790. 1800. 1810. 1820. 1830. 1840. 1850.
 1860. 1870. 1880. 1890. 1900. 1910. 1920. 1930. 1940. 1950. 1960. 1970.
 1980. 1990. 2000. 2010. 2020. 2030. 2040. 2050. 2060. 2070. 2080. 2090.
 2100. 2110. 2120. 2130. 2140. 2150. 2160. 2170. 2180. 2190. 2200. 2210.
 2220. 2230. 2240. 2250. 2260. 2270. 2280. 2290. 2300. 2310. 2320. 2330.
 2340. 2350. 2360. 2370. 2380. 2390. 2400. 2410. 2420. 2430. 2440. 2450.
 2460. 2470. 2480. 2490. 2500. 2510. 2540. 2660. 2670. 2680. 2690. 2700.
 2710. 2720. 2730. 2740. 2750. 2760. 2770. 2780. 2790. 2800. 2810. 2820.
 2830. 2840. 2850. 2860. 2870. 2880. 2890. 2900. 2910. 2920. 2930. 2940.
 2950. 2960. 2970. 2980. 3060. 3080. 3090. 3100. 3110. 3120. 3130. 3140.
 3150. 3160. 3170. 3180. 3190. 3200. 3210. 3220. 3230. 3240. 3250. 3260.
 3270. 3280. 3290. 3300. 3310. 3320. 3330. 3340. 3350. 3360. 3370. 3380.
 3390. 3400. 3410. 3420. 3430. 3440. 3450. 3460. 3470. 3480. 3490. 3500.
 3510. 3520. 3530. 3540. 3550. 3560. 3570. 3580. 3590. 3600. 3610. 3620.
 3630. 3640. 3650. 3660. 3670. 3680. 3690. 3700. 3710. 3720. 3730. 3740.
 3750. 3760. 3770. 3780. 3790. 3800. 3810. 3820. 3830. 3840. 3850. 3860.
 3870. 3880. 3890. 3990. 4000. 4010. 4020. 4030. 4040. 4050. 4060. 4070.
 4080. 4090. 4100. 4110. 4120. 4130. 4140. 4150. 4160. 4170. 4180. 4190.
 4200. 4210. 4220. 4230. 4240. 4250. 4260. 4270. 4280. 4290. 4300. 4310.
 4320. 4330. 4340. 4350. 4360. 4370. 4380. 4390. 4400. 4410. 4420. 4430.
 4440. 4450. 4460. 4470. 4480. 4490. 4500. 4510. 4520. 4530. 4540. 4550.
 4560. 4570. 4580. 4590. 4600. 4610. 4620. 4630. 4640. 4650. 4660. 4670.
 4700. 4710. 4730. 4740. 4750. 4760. 4770. 4780. 4790. 4800. 4810. 4820.
 4830. 4840. 4850. 4860. 4870. 4880. 4890. 4900. 4910. 4920. 4930. 4940.
 4950. 4960. 4970. 4980. 4990. 5000. 5010. 5020. 5030. 5040. 5050. 5060.
 5070. 5080. 5090. 5100. 5110. 5120. 5130. 5140. 5150. 5160. 5170. 5180.
 5190. 5200. 5210. 5220. 5230. 5240. 5250. 5260. 5270. 5280. 5290. 5300.
 5310. 5320. 5330. 5340. 5350. 5360. 5370. 5380. 5390. 5400. 5410. 5420.
 5430. 5440. 5450. 5460. 5470. 5480. 5490. 5500. 5510. 5520. 5530. 5540.
 5550. 5560. 5570. 5580. 5590. 5600. 5610. 5620. 5630. 5640. 5650. 5660.
 5670. 5680. 5690. 5700. 5710. 5720. 5730. 5740. 5810. 5820. 5830. 5840.
 5850. 5860. 5870. 5880. 5890. 5900. 5910. 5920. 5930. 5940. 5950. 5960.
 5970. 5980. 5990. 6000. 6010. 6020. 6030. 6040. 6050. 6060. 6070. 6080.
 6090. 6110. 6120. 6130. 6140. 6170. 6180. 6190. 6200. 6210. 6220. 6230.
 6250. 6260. 6270. 6280. 6290. 6300. 6310. 6320. 6330. 6340. 6350. 6360.
 6370. 6390. 6404.] 
MEAN VALUES
mean accuracy:0.35644028103044495 mean precision:0.34335799292376973 mean recall:0.9820607175712971 mean f1:0.5088179218303146 score:0.4012582222049026 pen:40 size:10 
test video:in\muriel26_input.txt accuracy:0.1486324216144096 precision:0.1220404500586733 recall:0.9762562120375483 f1:0.21695913609031783 prediction:[  120.   140.   150. ... 14930. 14940. 14989.] 
MEAN VALUES
mean accuracy:0.1486324216144096 mean precision:0.1220404500586733 mean recall:0.9762562120375483 mean f1:0.21695913609031783 score:0.4166192109280603 pen:40 size:10 
test video:in\muriel27_input.txt accuracy:0.37144850962017745 precision:0.3708212753218242 recall:1.0 f1:0.5410206012957706 prediction:[   60.    70.    80.    90.   100.   110.   120.   130.   140.   150.
   160.   170.   180.   190.   200.   210.   220.   230.   240.   250.
   260.   270.   280.   290.   300.   310.   320.   330.   340.   350.
   360.   370.   380.   390.   400.   410.   420.   430.   440.   450.
   460.   470.   480.   490.   500.   510.   520.   530.   540.   550.
   560.   570.   580.   590.   600.   610.   620.   630.   640.   650.
   660.   670.   680.   690.   700.   710.   720.   730.   740.   750.
   760.   770.   780.   790.   800.   810.   820.   830.   840.   850.
   860.   870.   880.   890.   900.   910.   920.   930.   940.   950.
   960.   970.   980.   990.  1000.  1010.  1020.  1030.  1040.  1050.
  1060.  1070.  1080.  1090.  1100.  1110.  1120.  1130.  1140.  1150.
  1160.  1170.  1180.  1190.  1200.  1210.  1220.  1230.  1240.  1250.
  1260.  1270.  1280.  1290.  1300.  1310.  1320.  1330.  1340.  1350.
  1360.  1370.  1380.  1390.  1440.  1450.  1460.  1470.  1480.  1490.
  1500.  1510.  1520.  1530.  1540.  1550.  1560.  1570.  1590.  1600.
  1610.  1620.  1630.  1640.  1650.  1660.  1680.  1710.  1720.  1730.
  1740.  1750.  1760.  1770.  1780.  1790.  1800.  1810.  1820.  1830.
  1840.  1850.  1860.  1870.  1880.  1890.  1900.  1910.  1920.  1930.
  1940.  1950.  1960.  1970.  1980.  1990.  2000.  2010.  2020.  2030.
  2040.  2050.  2060.  2070.  2080.  2090.  2100.  2110.  2120.  2130.
  2140.  2150.  2160.  2170.  2180.  2190.  2200.  2210.  2220.  2230.
  2240.  2250.  2290.  2300.  2310.  2320.  2330.  2340.  2350.  2360.
  2370.  2380.  2390.  2400.  2410.  2420.  2430.  2450.  2460.  2470.
  2480.  2490.  2500.  2510.  2520.  2530.  2540.  2550.  2560.  2570.
  2580.  2590.  2600.  2610.  2620.  2630.  2640.  2650.  2660.  2670.
  2680.  2690.  2700.  2710.  2720.  2730.  2740.  2750.  2760.  2770.
  2780.  2790.  2800.  2810.  2830.  2880.  2890.  2900.  2910.  2920.
  2930.  2940.  2950.  2960.  2970.  2980.  2990.  3000.  3010.  3020.
  3030.  3070.  3080.  3090.  3100.  3110.  3120.  3130.  3140.  3150.
  3160.  3170.  3180.  3190.  3200.  3210.  3220.  3230.  3240.  3250.
  3260.  3270.  3280.  3290.  3300.  3310.  3320.  3330.  3340.  3350.
  3360.  3370.  3380.  3390.  3400.  3410.  3420.  3430.  3440.  3450.
  3460.  3470.  3480.  3490.  3500.  3510.  3520.  3530.  3540.  3550.
  3560.  3570.  3580.  3590.  3600.  3610.  3620.  3630.  3640.  3650.
  3660.  3670.  3680.  3690.  3700.  3710.  3720.  3730.  3740.  3750.
  3760.  3770.  3780.  3790.  3800.  3810.  3820.  3830.  3840.  3850.
  3860.  3870.  3880.  3890.  3900.  3910.  3920.  3930.  3940.  3950.
  3960.  3970.  3980.  3990.  4000.  4010.  4020.  4030.  4040.  4050.
  4060.  4070.  4080.  4090.  4100.  4110.  4120.  4130.  4140.  4150.
  4160.  4190.  4200.  4210.  4220.  4230.  4240.  4250.  4260.  4270.
  4280.  4290.  4300.  4310.  4320.  4330.  4340.  4350.  4360.  4370.
  4380.  4390.  4400.  4410.  4420.  4430.  4440.  4450.  4460.  4470.
  4480.  4490.  4500.  4510.  4520.  4530.  4540.  4550.  4560.  4570.
  4580.  4590.  4600.  4610.  4620.  4630.  4640.  4650.  4660.  4670.
  4680.  4690.  4700.  4710.  4720.  4730.  4750.  4760.  4770.  4780.
  4790.  4800.  4810.  4820.  4830.  4840.  4850.  4860.  4870.  4880.
  4890.  4900.  4920.  4940.  4960.  4970.  4980.  4990.  5000.  5010.
  5020.  5030.  5050.  5060.  5070.  5080.  5090.  5100.  5110.  5120.
  5130.  5140.  5150.  5160.  5170.  5180.  5190.  5200.  5210.  5220.
  5230.  5240.  5250.  5260.  5270.  5280.  5370.  5400.  5410.  5420.
  5430.  5440.  5450.  5460.  5470.  5480.  5490.  5500.  5510.  5520.
  5530.  5540.  5550.  5560.  5570.  5580.  5590.  5600.  5610.  5620.
  5630.  5640.  5650.  5660.  5670.  5680.  5690.  5700.  5710.  5720.
  5730.  5740.  5750.  5760.  5770.  5780.  5790.  5800.  5810.  5820.
  5830.  5840.  5850.  5860.  5870.  5880.  5890.  5900.  5910.  5920.
  5930.  5940.  5950.  5960.  5970.  5980.  5990.  6000.  6010.  6020.
  6030.  6040.  6050.  6060.  6070.  6080.  6090.  6100.  6120.  6130.
  6140.  6150.  6160.  6170.  6180.  6190.  6200.  6210.  6220.  6230.
  6240.  6250.  6260.  6270.  6280.  6290.  6300.  6310.  6320.  6330.
  6340.  6350.  6360.  6370.  6380.  6390.  6400.  6410.  6420.  6430.
  6440.  6450.  6460.  6470.  6480.  6490.  6500.  6510.  6520.  6530.
  6540.  6550.  6560.  6570.  6580.  6590.  6600.  6610.  6620.  6630.
  6640.  6650.  6660.  6670.  6680.  6690.  6700.  6710.  6720.  6730.
  6740.  6750.  6760.  6770.  6780.  6790.  6800.  6810.  6820.  6830.
  6850.  6860.  6870.  6880.  6890.  6900.  6910.  6920.  6930.  6950.
  6960.  7010.  7020.  7030.  7040.  7050.  7060.  7070.  7080.  7090.
  7100.  7110.  7120.  7130.  7140.  7150.  7160.  7170.  7180.  7190.
  7200.  7210.  7220.  7230.  7240.  7250.  7260.  7270.  7280.  7290.
  7300.  7330.  7360.  7370.  7380.  7390.  7400.  7410.  7420.  7430.
  7440.  7450.  7460.  7470.  7480.  7490.  7500.  7510.  7520.  7530.
  7540.  7550.  7560.  7570.  7580.  7590.  7600.  7610.  7620.  7630.
  7640.  7650.  7660.  7670.  7680.  7690.  7730.  7740.  7750.  7760.
  7770.  7780.  7790.  7800.  7810.  7820.  7830.  7840.  7850.  7860.
  7870.  7880.  7890.  7900.  7910.  7920.  7930.  7940.  7950.  7960.
  7970.  7980.  7990.  8000.  8010.  8020.  8030.  8040.  8050.  8060.
  8070.  8080.  8090.  8100.  8110.  8120.  8130.  8140.  8150.  8160.
  8170.  8180.  8190.  8200.  8210.  8220.  8230.  8240.  8250.  8260.
  8270.  8280.  8290.  8300.  8310.  8320.  8330.  8340.  8350.  8360.
  8370.  8380.  8390.  8400.  8410.  8420.  8440.  8450.  8460.  8470.
  8480.  8490.  8500.  8510.  8520.  8530.  8540.  8550.  8560.  8570.
  8580.  8590.  8600.  8610.  8620.  8630.  8640.  8650.  8660.  8670.
  8680.  8690.  8700.  8710.  8720.  8730.  8740.  8750.  8760.  8770.
  8780.  8790.  8800.  8810.  8820.  8830.  8840.  8850.  8860.  8870.
  8880.  8890.  8900.  8910.  8920.  8930.  8940.  8950.  8960.  8970.
  8980.  8990.  9000.  9010.  9070.  9090.  9110.  9120.  9130.  9140.
  9150.  9160.  9170.  9180.  9190.  9200.  9210.  9220.  9240.  9250.
  9260.  9270.  9280.  9290.  9300.  9310.  9320.  9330.  9340.  9350.
  9360.  9370.  9380.  9390.  9400.  9410.  9420.  9430.  9440.  9450.
  9460.  9470.  9480.  9490.  9500.  9510.  9520.  9530.  9540.  9550.
  9560.  9570.  9580.  9590.  9600.  9610.  9620.  9630.  9640.  9650.
  9660.  9670.  9680.  9690.  9700.  9710.  9720.  9730.  9740.  9750.
  9760.  9770.  9780.  9790.  9800.  9810.  9820.  9830.  9840.  9860.
  9880.  9950.  9960.  9970.  9980.  9990. 10000. 10010. 10030.] 
MEAN VALUES
mean accuracy:0.37144850962017745 mean precision:0.3708212753218242 mean recall:1.0 mean f1:0.5410206012957706 score:0.3995633443382996 pen:40 size:10 
test video:in\muriel30_input.txt accuracy:0.4214202561117579 precision:0.4207889125799574 recall:0.9914594323034414 f1:0.5908240401167577 prediction:[  70.   80.   90.  100.  110.  120.  130.  140.  150.  160.  170.  180.
  190.  210.  220.  240.  270.  320.  380.  530.  540.  550.  560.  570.
  580.  590.  600.  610.  620.  630.  640.  650.  660.  670.  680.  690.
  700.  710.  720.  730.  740.  750.  760.  770.  780.  790.  800.  810.
  820.  830.  840.  850.  860.  870.  880.  890.  900.  910.  920.  930.
  940.  950.  960.  970.  980.  990. 1000. 1010. 1020. 1030. 1040. 1050.
 1060. 1070. 1080. 1150. 1160. 1170. 1180. 1190. 1200. 1210. 1220. 1230.
 1240. 1250. 1260. 1270. 1280. 1290. 1300. 1310. 1320. 1330. 1340. 1350.
 1360. 1370. 1380. 1390. 1400. 1410. 1420. 1430. 1440. 1450. 1460. 1470.
 1480. 1490. 1500. 1510. 1520. 1530. 1540. 1550. 1560. 1570. 1580. 1590.
 1600. 1610. 1620. 1630. 1640. 1650. 1660. 1670. 1680. 1690. 1700. 1710.
 1720. 1730. 1740. 1750. 1760. 1770. 1780. 1790. 1800. 1810. 1820. 1830.
 1840. 1860. 1870. 1880. 1890. 1900. 1910. 1920. 1930. 1940. 1950. 1970.
 1980. 2000. 2010. 2020. 2030. 2040. 2050. 2060. 2070. 2080. 2090. 2110.
 2120. 2130. 2140. 2150. 2160. 2170. 2180. 2190. 2200. 2210. 2220. 2230.
 2240. 2250. 2260. 2280. 2290. 2320. 2410. 2420. 2430. 2440. 2450. 2460.
 2470. 2480. 2490. 2500. 2510. 2520. 2530. 2540. 2550. 2560. 2570. 2580.
 2590. 2600. 2610. 2620. 2630. 2640. 2650. 2660. 2670. 2680. 2690. 2700.
 2710. 2720. 2730. 2740. 2750. 2760. 2770. 2780. 2790. 2800. 2810. 2820.
 2830. 2840. 2850. 2860. 2870. 2880. 2890. 2900. 2910. 2920. 2930. 2940.
 2950. 2960. 2970. 2980. 2990. 3000. 3010. 3020. 3030. 3040. 3050. 3060.
 3070. 3080. 3090. 3100. 3110. 3120. 3130. 3140. 3150. 3160. 3170. 3180.
 3190. 3200. 3210. 3220. 3230. 3240. 3250. 3260. 3270. 3280. 3290. 3300.
 3310. 3320. 3330. 3340. 3350. 3360. 3370. 3380. 3390. 3400. 3410. 3420.
 3430. 3440. 3450. 3460. 3470. 3480. 3490. 3500. 3510. 3520. 3530. 3540.
 3550. 3560. 3570. 3580. 3590. 3600. 3610. 3620. 3630. 3640. 3650. 3660.
 3670. 3680. 3690. 3700. 3710. 3720. 3730. 3740. 3750. 3760. 3770. 3780.
 3790. 3800. 3810. 3820. 3830. 3840. 3850. 3860. 3870. 3880. 3890. 3900.
 3910. 3920. 3930. 3940. 3950. 3960. 3970. 3980. 3990. 4000. 4010. 4020.
 4030. 4040. 4050. 4060. 4070. 4080. 4090. 4100. 4110. 4120. 4130. 4140.
 4150. 4160. 4170. 4180. 4190. 4200. 4210. 4220. 4230. 4240. 4250. 4260.
 4270. 4280. 4290. 4300. 4310. 4320. 4330. 4350. 4360. 4370. 4380. 4390.
 4400. 4410. 4420. 4430. 4440. 4450. 4460. 4470. 4480. 4490. 4500. 4510.
 4520. 4540. 4550. 4560. 4570. 4580. 4590. 4600. 4610. 4620. 4630. 4640.
 4650. 4660. 4670. 4680. 4690. 4700. 4710. 4720. 4730. 4740. 4750. 4760.
 4770. 4780. 4790. 4800. 4810. 4820. 4830. 4840. 4850. 4860. 4870. 4880.
 4890. 4900. 4910. 4920. 4930. 4940. 4950. 4960. 4970. 4980. 4990. 5000.
 5010. 5020. 5030. 5040. 5050. 5060. 5070. 5080. 5090. 5100. 5110. 5120.
 5130. 5140. 5150. 5160. 5170. 5180. 5190. 5200. 5210. 5220. 5230. 5240.
 5250. 5260. 5270. 5280. 5290. 5300. 5310. 5320. 5330. 5340. 5350. 5360.
 5370. 5380. 5390. 5400. 5410. 5420. 5430. 5440. 5450. 5460. 5470. 5480.
 5490. 5500. 5510. 5520. 5530. 5540. 5550. 5560. 5570. 5580. 5590. 5600.
 5610. 5620. 5630. 5640. 5650. 5660. 5670. 5680. 5690. 5700. 5710. 5720.
 5730. 5740. 5750. 5760. 5770. 5780. 5790. 5800. 5810. 5820. 5830. 5840.
 5850. 5860. 5870. 5880. 5890. 5900. 5910. 5920. 5930. 5940. 5950. 5960.
 5970. 5980. 5990. 6000. 6010. 6020. 6030. 6040. 6050. 6060. 6070. 6080.
 6100. 6110. 6120. 6130. 6140. 6150. 6160. 6170. 6180. 6190. 6200. 6210.
 6220. 6230. 6240. 6250. 6260. 6270. 6290. 6300. 6310. 6320. 6330. 6340.
 6350. 6360. 6370. 6380. 6390. 6400. 6410. 6420. 6430. 6440. 6450. 6460.
 6470. 6480. 6490. 6500. 6510. 6520. 6530. 6540. 6550. 6560. 6570. 6580.
 6590. 6600. 6610. 6620. 6630. 6640. 6650. 6660. 6670. 6680. 6690. 6700.
 6710. 6720. 6730. 6740. 6750. 6760. 6770. 6780. 6790. 6800. 6810. 6820.
 6830. 6840. 6850. 6860. 6870. 6880. 6890. 6900. 6910. 6920. 6930. 6940.
 6950. 6960. 6970. 6980. 6990. 7000. 7010. 7020. 7030. 7040. 7050. 7060.
 7070. 7080. 7090. 7100. 7110. 7120. 7130. 7140. 7150. 7160. 7170. 7180.
 7190. 7200. 7210. 7220. 7230. 7240. 7250. 7260. 7270. 7280. 7290. 7300.
 7310. 7320. 7330. 7340. 7350. 7360. 7370. 7380. 7390. 7400. 7420. 7460.
 7500. 7520. 7530. 7540. 7580. 7640. 7650. 7690. 7700. 7710. 7720. 7740.
 7760. 7770. 7780. 7810. 7820. 7830. 7840. 7850. 7860. 7870. 7880. 7890.
 7900. 7910. 7920. 7930. 7940. 7950. 7960. 7970. 7980. 7990. 8000. 8010.
 8020. 8030. 8040. 8050. 8060. 8070. 8080. 8090. 8100. 8110. 8120. 8130.
 8140. 8150. 8190. 8200. 8210. 8220. 8230. 8240. 8260. 8270. 8280. 8290.
 8300. 8310. 8320. 8330. 8350. 8360. 8370. 8380. 8390. 8400. 8410. 8420.
 8430. 8440. 8450. 8460. 8470. 8480. 8490. 8500. 8510. 8520. 8530. 8550.
 8570. 8580. 8600. 8620. 8650. 8660. 8670. 8690. 8710. 8740. 8840. 8850.
 8880. 8900. 8920. 8960. 8970. 8990. 9000. 9010. 9040. 9050. 9060. 9080.
 9090. 9100. 9110. 9120. 9130. 9140. 9160. 9170. 9190. 9210. 9230. 9240.
 9250. 9260. 9300. 9310. 9400. 9410. 9420. 9430. 9448.] 
MEAN VALUES
mean accuracy:0.4214202561117579 mean precision:0.4207889125799574 mean recall:0.9914594323034414 mean f1:0.5908240401167577 score:0.3969421107161424 pen:40 size:10 
