test video:0 accuracy:0.5989338350580119 precision:0.4947819106234948 recall:0.7340214370782057 f1:0.5911125319693095 prediction:[1200. 1300. 1400. 1900. 2100. 2200. 2300. 2400. 2600. 2700. 2800. 3000.
 3100. 3200. 3300. 3400. 3500. 3600. 3700. 3800. 3900. 4000. 4100. 4200.
 4400. 4500. 4600. 4700. 4900. 5000. 5100. 5200. 5400. 5500. 5800. 6200.
 6300. 6377.] 
test video:1 accuracy:0.5764988009592326 precision:0.5317632475983886 recall:0.8706240487062404 f1:0.6602539438245479 prediction:[ 200.  500.  600.  800.  900. 1000. 1200. 1300. 1500. 1600. 1700. 1800.
 1900. 2000. 2100. 2200. 2300. 2400. 2600. 2700. 2800. 2900. 3000. 3100.
 3200. 3300. 3400. 3500. 3600. 3700. 3900. 4100. 4169.] 
test video:2 accuracy:0.6695300656897423 precision:0.6732105104198127 recall:0.9079429735234216 f1:0.7731529656607701 prediction:[ 200.  300.  700.  800.  900. 1000. 1100. 1200. 1300. 1400. 1500. 1600.
 1800. 1900. 2000. 2100. 2200. 2300. 2400. 2500. 2600. 2700. 2800. 2900.
 3000. 3100. 3200. 3300. 3400. 3500. 3600. 3700. 3900. 3957.] 
test video:3 accuracy:0.5067096081588836 precision:0.4810822701275847 recall:0.8460348162475823 f1:0.6133782078249895 prediction:[ 300.  400.  700.  900. 1000. 1100. 1200. 1400. 1500. 1700. 1800. 1900.
 2000. 2100. 2200. 2300. 2400. 2500. 2700. 2800. 2900. 3000. 3200. 3300.
 3400. 3500. 3600. 3700. 3800. 3900. 4000. 4100. 4200. 4400. 4500. 4600.
 4700. 4800. 4900. 5000. 5100. 5200. 5300. 5400. 5500. 5588.] 
test video:4 accuracy:0.6204506065857885 precision:0.5860759493670886 recall:0.8732553753300641 f1:0.7014088774428117 prediction:[ 200.  300.  600.  700.  800.  900. 1000. 1100. 1200. 1300. 1400. 1500.
 1600. 1700. 1900. 2100. 2200. 2300. 2400. 2500. 2600. 2700. 2800. 2900.
 3000. 3100. 3200. 3300. 3400. 3500. 3600. 3900. 4100. 4200. 4500. 4600.
 4700. 5000. 5100. 5192.] 
test video:5 accuracy:0.5662175037430244 precision:0.5861835421605147 recall:0.8233055885850178 f1:0.6847987340520225 prediction:[ 100.  200.  400. 1100. 1200. 1300. 1400. 1600. 1700. 1800. 1900. 2100.
 2200. 2300. 2400. 2500. 2700. 2800. 2900. 3000. 3100. 3200. 3300. 3400.
 3500. 3600. 3700. 3800. 3900. 4000. 4200. 4300. 4400. 4500. 4600. 4700.
 4800. 4900. 5000. 5200. 5300. 5400. 5500. 5600. 5700. 5800. 5900. 6000.
 6100. 6200. 6300. 6500. 6600. 6700. 6900. 7000. 7100. 7200. 7300. 7346.] 
test video:6 accuracy:0.3936713167744131 precision:0.4538615847542628 recall:0.5663329161451814 f1:0.5038975501113586 prediction:[ 200.  300.  400.  500.  700.  900. 1000. 1100. 1300. 1800. 1900. 2000.
 2100. 2300. 2400. 2500. 2600. 2700. 2800. 2900. 2938.] 
test video:7 accuracy:0.6411238825031929 precision:0.6642246642246642 recall:0.8451579492490937 f1:0.7438468550592525 prediction:[ 200.  400.  600.  800.  900. 1000. 1100. 1200. 1300. 1400. 1500. 1600.
 1700. 1800. 1900. 2000. 2100. 2200. 2300. 2400. 2600. 2700. 2800. 3000.
 3131.] 
test video:8 accuracy:0.3064348728593669 precision:0.17699545749513304 recall:0.7998533724340176 f1:0.28985122210414455 prediction:[ 200.  300.  400.  600.  700.  800. 1000. 1100. 1200. 1400. 1700. 1800.
 1900. 2000. 2100. 2200. 2300. 2400. 2500. 2600. 2800. 3000. 3100. 3300.
 3400. 3500. 3600. 3800. 3900. 4000. 4100. 4200. 4300. 4400. 4500. 4600.
 4700. 4800. 4900. 5000. 5100. 5300. 5400. 5500. 5600. 5700. 5800. 5900.
 6000. 6100. 6300. 6400. 6500. 6600. 6700. 6800. 6900. 7200. 7300. 7400.
 7600. 7707.] 
test video:9 accuracy:0.4151547491995731 precision:0.08575966119640022 recall:0.75 f1:0.15391923990498813 prediction:[  200.   600.   900.  1000.  1200.  1300.  1400.  1900.  2000.  2100.
  2300.  2600.  2800.  2900.  3000.  3200.  3400.  3500.  3900.  4000.
  4100.  4200.  4400.  4600.  4700.  4800.  4900.  5000.  5100.  5200.
  5300.  5500.  5600.  5700.  5900.  6000.  6100.  6200.  6300.  6400.
  6700.  6800.  6900.  7400.  7500.  7700.  7800.  7900.  8100.  8200.
  8300.  8400.  8500.  8600.  8700.  8800.  9000.  9100.  9500.  9600.
  9700.  9800. 10000. 10400. 10700. 10800. 10900. 11000. 11100. 11300.
 11400. 11500. 11600. 12000. 12100. 12180.] 
test video:10 accuracy:0.742135761589404 precision:0.8226415094339623 recall:0.8384615384615385 f1:0.8304761904761905 prediction:[ 200.  400.  500.  600.  700.  800.  900. 1200. 1300. 1400. 1500. 1600.
 1700. 1800. 1900. 2100. 2200. 2300. 2415.] 
test video:11 accuracy:0.39672131147540984 precision:0.27557235874816216 recall:0.7596988998262884 f1:0.40443896424167697 prediction:[ 200.  300.  500. 1200. 1300. 1400. 1500. 1700. 1800. 1900. 2000. 2200.
 2300. 2400. 2500. 2700. 2800. 2900. 3000. 3100. 3200. 3300. 3500. 3600.
 3700. 3800. 4000. 4100. 4300. 4400. 4500. 4600. 4700. 4800. 5100. 5200.
 5300. 5400. 5500. 5600. 5700. 5800. 5900. 6000. 6100. 6200. 6300. 6404.] 
test video:12 accuracy:0.38125416944629753 precision:0.29280836354438916 recall:0.796559633027523 f1:0.42821034461500523 prediction:[  200.   400.   600.   700.   800.  1100.  1300.  1400.  1500.  1600.
  1700.  1800.  1900.  2000.  2100.  2200.  2300.  2400.  2500.  3500.
  3600.  3700.  3800.  3900.  4000.  4100.  4300.  4400.  4500.  4600.
  4700.  4800.  4900.  5000.  5100.  5300.  5400.  5600.  5800.  5900.
  6000.  6200.  6300.  6400.  6500.  6700.  6800.  6900.  7000.  7100.
  7300.  7400.  7500.  7700.  7800.  7900.  8000.  8100.  8200.  8300.
  8400.  8600.  8700.  8800.  8900.  9000.  9200.  9300.  9400.  9500.
  9600.  9700.  9800.  9900. 10100. 10300. 10400. 10500. 10600. 10700.
 10800. 10900. 11000. 11100. 11200. 11300. 11500. 11700. 11800. 11900.
 12100. 12200. 12300. 12400. 12500. 12600. 12700. 12800. 12900. 13000.
 13100. 13200. 13300. 13400. 13500. 13600. 13700. 13800. 13900. 14000.
 14200. 14300. 14400. 14500. 14600. 14700. 14800. 14900. 14989.] 
test video:13 accuracy:0.4077360183431363 precision:0.348375 recall:0.7928876244665718 f1:0.48406426400347374 prediction:[  100.   200.   300.   400.   600.   700.   800.  1000.  1100.  1200.
  1300.  1400.  1600.  1800.  1900.  2000.  2200.  2300.  2400.  2500.
  2600.  2700.  2800.  3100.  3200.  3300.  3400.  3500.  3700.  3800.
  3900.  4000.  4100.  4200.  4300.  4500.  4600.  4700.  4800.  4900.
  5100.  5300.  5400.  5500.  5600.  5700.  5900.  6100.  6300.  6500.
  6600.  6700.  6800.  6900.  7000.  7100.  7200.  7300.  7400.  7500.
  7600.  7800.  7900.  8000.  8200.  8300.  8400.  8600.  8700.  8800.
  8900.  9000.  9200.  9300.  9400.  9500.  9600.  9700.  9800. 10000.
 10030.] 
MEAN VALUES
mean accuracy:0.5850509749366183 mean precision:0.5657117231676632 mean recall:0.3041944145703864 mean f1:0.008835391261133837 score:0.5213235294117647 pen:30 
