1.38	
14.98	
18.339	
18.858	
23.541	
36.684	
40.131	
40.782	
43.23	
44.973	
46.078	
48.078	
50.342	
52.292	
53.052	
54.552	
57.779	
59.024	
59.731	
60.468	
61.88	
62.686	
64.158	
66.088	
67.738	
68.76	
70.631	
72.815	
74.657	
77.081	
78.289	
79.5	
81.947	
82.868	
84.157	
85.736	
86.899	
88.157	
90.007	
91.605	
93.315	
95.184	
97.447	
99.447	
103.67	
104.973	
106.172	
106.921	
108.205	
109.315	
109.605	
110.921	
111.394	
112.684	
114.368	
117.289	
119.774	
121.526	
124.947	
126.455	
126.789	
127.947	
129.289	
129.973	
130.789	
131.473	
133.5	
134.815	
135.842	
137.5	
139.368	
140.894	
141.447	
143.368	
144.991	
