0.93	
2.11	
3.08	
4.37	
5.07	
6.08	
6.92	
8.17	
9.15	
10.221	
11.63	
11.93	
12.54	
13.68	
14.47	
15.977	
17.428	
18.18	
18.74	
19.62	
20.25	
21.1	
21.917	
22.89	
24.586	
26.134	
27.11	
27.97	
28.861	
30.779	
31.956	
33.44	
35.15	
36.45	
37.82	
39.12	
40.27	
41.33	
42.115	
43.5	
44.507	
45.92	
47.26	
47.78	
51.06	
52.92	
54.224	
56.085	
57.101	
58.09	
59.08	
60.114	
61.2	
62.11	
62.55	
63.99	
68.883	
69.34	
70.249	
71.464	
73.008	
73.532	
75.486	
76.45	
77.587	
78.23	
78.78	
79.21	
80.323	
81.158	
83.352	
84.058	
84.382	
85.617	
87.035	
88.976	
90.229	
93.799	
96.753	
