11.09	
11.53	
13.734	
14.289	
15.514	
16.014	
16.289	
17.339	
17.842	
18.226	
19.357	
19.926	
20.736	
21.313	
26.199	
26.526	
27.178	
27.642	
30.431	
31.268	
32.242	
33.236	
33.852	
34.642	
36.284	
36.71	
37.215	
37.91	
39.221	
39.821	
41.768	
42.41	
43.294	
49.415	
50.109	
51.821	
51.821	
52.478	
54.852	
57.378	
61.589	
63.11	
63.915	
65.331	
65.594	
66.152	
67.989	
69.726	
72.889	
73.568	
75.526	
76.505	
78.084	
78.568	
79.046	
79.878	
84.699	
85.436	
92.643	
96.157	
98.978	
107.684	
123.199	
124.057	
127.23	
127.936	
